"id_f51","cc","sex","fam_no","dob","home_cage","sire_id","dam_id","transpondernumber","sw_id","generation","ear_punch","sire_sw_id","dam_sw_id"
"41452_1",NA,"M",NA,"38613",NA,NA,NA,"0006717C0F","HSM0001","0",NA,NA,NA
"44711_1","BLACK","M",NA,"38681",NA,NA,NA,"0006717CB5","HSM0002","0",NA,NA,NA
"44711_2","BLACK AND WHITE","M",NA,"38681",NA,NA,NA,"000673178C","HSM0002B","0","RLT",NA,NA
"41459_1",NA,"M",NA,"38627",NA,NA,NA,"000672F96F","HSM0003","0",NA,NA,NA
"41458_1",NA,"M",NA,"38622",NA,NA,NA,"6732661","HSM0004","0",NA,NA,NA
"41456_1",NA,"M",NA,"38622",NA,NA,NA,"000671463F","HSM0005","0",NA,NA,NA
"41447_1",NA,"M",NA,"38614",NA,NA,NA,"6717886","HSM0006","0",NA,NA,NA
"41454_1",NA,"M",NA,"38613",NA,NA,NA,"6732760","HSM0007","0",NA,NA,NA
"41461_1",NA,"M",NA,"38646",NA,NA,NA,"000673080C","HSM0008","0",NA,NA,NA
"41457_1",NA,"M",NA,"38622",NA,NA,NA,"00067153D7","HSM0009","0",NA,NA,NA
"41455_1",NA,"M",NA,"38614",NA,NA,NA,"0006716AA7","HSM0010","0",NA,NA,NA
"41428_1",NA,"M",NA,"38614",NA,NA,NA,"000672FBBC","HSM0011","0",NA,NA,NA
"41451_1",NA,"M",NA,"38614",NA,NA,NA,"6715971","HSM0012","0",NA,NA,NA
"41449_1",NA,"M",NA,"38614",NA,NA,NA,"6.72E+81","HSM0013","0",NA,NA,NA
"41460_1",NA,"M",NA,"38633",NA,NA,NA,"00067168DF","HSM0014","0",NA,NA,NA
"41446_1",NA,"M",NA,"38614",NA,NA,NA,"0006714C7C","HSM0015","0",NA,NA,NA
"41445_1",NA,"M",NA,"38614",NA,NA,NA,"000671695D","HSM0016","0",NA,NA,NA
"41445_2",NA,"M",NA,"38614",NA,NA,NA,"000672F4F3","HSM0016B","0",NA,NA,NA
"41464_1",NA,"M",NA,"38653",NA,NA,NA,"6731280","HSM0017","0",NA,NA,NA
"41450_1",NA,"M",NA,"38614",NA,NA,NA,"00067148C7","HSM0018","0",NA,NA,NA
"41448_1",NA,"M",NA,"38614",NA,NA,NA,"0006715C0C","HSM0019","0",NA,NA,NA
"44712_1","BROWN AND WHITE","M",NA,"38678",NA,NA,NA,"000672FB45","HSM0020","0","RT",NA,NA
"41463_1",NA,"M",NA,"38641",NA,NA,NA,"6731433","HSM0021","0",NA,NA,NA
"44713_1","BLACK AND WHITE","M",NA,"38688",NA,NA,NA,"6731395","HSM0022","0","RLT",NA,NA
"41462_1",NA,"M",NA,"38628",NA,NA,NA,"0006717FCA","HSM0023","0",NA,NA,NA
"41453_1",NA,"M",NA,"38613",NA,NA,NA,"6730956","HSM0024","0",NA,NA,NA
"44714_1","BLACK AND WHITE","M",NA,"38708",NA,NA,NA,"6732709","HSM0025","0",NA,NA,NA
"44716_1","BROWN AND WHITE","M",NA,"38730",NA,NA,NA,"6717282","HSM0026","0",NA,NA,NA
"44717_1","BROWN","M",NA,"38751",NA,NA,NA,"000673208E","HSM0027","0",NA,NA,NA
"44718_1","BROWN AND WHITE","M",NA,"38718",NA,NA,NA,"6.73E+25","HSM0028","0",NA,NA,NA
"44719_1","BLACK","M",NA,"38714",NA,NA,NA,"000672F84A","HSM0029","0",NA,NA,NA
"44720_1","ALBINO","M",NA,"38744",NA,NA,NA,"00067304B0","HSM0031","0",NA,NA,NA
"45432_1",NA,"M",NA,"38724",NA,NA,NA,"000697CB67","HSM0032","0",NA,NA,NA
"45433_1",NA,"M",NA,"38727",NA,NA,NA,"00068E303B","HSM0033","0",NA,NA,NA
"44721_1","BLACK AND WHITE","M",NA,"38734",NA,NA,NA,"000682CDD1","HSM0034","0",NA,NA,NA
"44722_1","BROWN","M",NA,"38714",NA,NA,NA,"00067324B0","HSM0035","0",NA,NA,NA
"44723_1","BROWN","M",NA,"38724",NA,NA,NA,"0006714ED6","HSM0037","0",NA,NA,NA
"45434_1",NA,"M",NA,"38715",NA,NA,NA,"00068E2CA3","HSM0038","0",NA,NA,NA
"44724_1","RED TAIL","M",NA,"38702",NA,NA,NA,"000672F31E","HSM0039","0",NA,NA,NA
"45435_1",NA,"M",NA,"38729",NA,NA,NA,"00068E03AB","HSM0040","0",NA,NA,NA
"45436_1",NA,"M",NA,"38732",NA,NA,NA,"00068E393C","HSM0042","0",NA,NA,NA
"45437_1",NA,"M",NA,"38775",NA,NA,NA,"00068E7C8A","HSM0044","0",NA,NA,NA
"44764_1","BLACK W/RED TAI","M",NA,"38708",NA,NA,NA,"0006731F8A","HSM0045","0",NA,NA,NA
"44765_1","BLACK HOOD","M",NA,"38769",NA,NA,NA,"0006731C93","HSM0046","0",NA,NA,NA
"44766_1","BROWN","M",NA,"38753",NA,NA,NA,"00067314C4","HSM0047","0",NA,NA,NA
"45438_1",NA,"M",NA,"38747",NA,NA,NA,"00068E2B40","HSM0048","0",NA,NA,NA
"44767_1","BLACK","M",NA,"38727",NA,NA,NA,"00068EAE8B","HSM0049","0",NA,NA,NA
"44768_1","ALBINO","M",NA,"38719",NA,NA,NA,"00068E3249","HSM0050","0",NA,NA,NA
"44769_1","BROWN HOOD","M",NA,"38719",NA,NA,NA,"00068E9B54","HSM0051","0",NA,NA,NA
"44770_1","BLACK","M",NA,"38718",NA,NA,NA,"000697CF2B","HSM0052","0",NA,NA,NA
"44771_1","ALBINO","M",NA,"38718",NA,NA,NA,"00068E236B","HSM0053","0",NA,NA,NA
"44772_1","BLACK HOOD","M",NA,"38715",NA,NA,NA,"00068EB050","HSM0054","0",NA,NA,NA
"44773_1","BROWN","M",NA,"38719",NA,NA,NA,"00068E0C87","HSM0055","0",NA,NA,NA
"45433_3",NA,"M",NA,"38727",NA,NA,NA,"00068E7E77","HSM0056","0",NA,NA,NA
"41452_2",NA,"F",NA,"38613",NA,NA,NA,"0006715C89","HSF0001","0",NA,NA,NA
"44711_3",NA,"F",NA,"38681",NA,NA,NA,"6717484","HSF0002","0",NA,NA,NA
"41459_2",NA,"F",NA,"38627",NA,NA,NA,"00067323C2","HSF0003","0",NA,NA,NA
"41458_2",NA,"F",NA,"38622",NA,NA,NA,"00067321EB","HSF0004","0",NA,NA,NA
"41456_2",NA,"F",NA,"38622",NA,NA,NA,"00067160C7","HSF0005","0",NA,NA,NA
"41447_2",NA,"F",NA,"38614",NA,NA,NA,"00067177F2","HSF0006","0",NA,NA,NA
"41454_2",NA,"F",NA,"38613",NA,NA,NA,"0006730B96","HSF0007","0",NA,NA,NA
"41461_2",NA,"F",NA,"38646",NA,NA,NA,"6717002","HSF0008","0",NA,NA,NA
"41457_2",NA,"F",NA,"38622",NA,NA,NA,"0006717ED7","HSF0009","0",NA,NA,NA
"41455_2",NA,"F",NA,"38614",NA,NA,NA,"0006716BE4","HSF0010","0",NA,NA,NA
"41428_2",NA,"F",NA,"38614",NA,NA,NA,"00067160A9","HSF0011","0",NA,NA,NA
"41451_2",NA,"F",NA,"38614",NA,NA,NA,"000672F621","HSF0012","0",NA,NA,NA
"41449_2",NA,"F",NA,"38614",NA,NA,NA,"000672EF47","HSF0013","0",NA,NA,NA
"41460_2",NA,"F",NA,"38633",NA,NA,NA,"6715551","HSF0014","0",NA,NA,NA
"41446_2",NA,"F",NA,"38614",NA,NA,NA,"6730954","HSF0015","0",NA,NA,NA
"41464_2",NA,"F",NA,"38653",NA,NA,NA,"000672FD83","HSF0017","0",NA,NA,NA
"41450_2",NA,"F",NA,"38614",NA,NA,NA,"0006731EED","HSF0018","0",NA,NA,NA
"41448_2",NA,"F",NA,"38614",NA,NA,NA,"0006714AC2","HSF0019","0",NA,NA,NA
"44712_2",NA,"F",NA,"38678",NA,NA,NA,"0006714B87","HSF0020","0",NA,NA,NA
"41463_2",NA,"F",NA,"38641",NA,NA,NA,"0006715EFB","HSF0021","0",NA,NA,NA
"44713_2",NA,"F",NA,"38688",NA,NA,NA,"0006717FD9","HSF0022","0",NA,NA,NA
"41462_2",NA,"F",NA,"38628",NA,NA,NA,"0006731BB8","HSF0023","0",NA,NA,NA
"41453_2",NA,"F",NA,"38613",NA,NA,NA,"000671744D","HSF0024","0",NA,NA,NA
"44714_2",NA,"F",NA,"38708",NA,NA,NA,"6732805","HSF0025","0",NA,NA,NA
"44716_2","BLACK AND WHITE","F",NA,"38730",NA,NA,NA,"6714670","HSF0026","0",NA,NA,NA
"44717_2","BLACK AND WHITE","F",NA,"38751",NA,NA,NA,"6738867","HSF0027","0",NA,NA,NA
"44718_2","BROWN","F",NA,"38718",NA,NA,NA,"00067327DC","HSF0028","0",NA,NA,NA
"44719_2","BROWN","F",NA,"38714",NA,NA,NA,"0006730C46","HSF0029","0",NA,NA,NA
"44725_1","BLACK","F",NA,"38731",NA,NA,NA,"6715874","HSF0030","0",NA,NA,NA
"44720_2","BLACK AND WHITE","F",NA,"38744",NA,NA,NA,"000673065E","HSF0031","0",NA,NA,NA
"45432_2",NA,"F",NA,"38724",NA,NA,NA,"00068E7F99","HSF0032","0",NA,NA,NA
"45433_2",NA,"F",NA,"38727",NA,NA,NA,"00068EAC46","HSF0033","0",NA,NA,NA
"44721_2","BLACK","F",NA,"38734",NA,NA,NA,"00067303FE","HSF0034","0",NA,NA,NA
"44722_2",NA,"F",NA,"38714",NA,NA,NA,"00068E0C69","HSF0035","0",NA,NA,NA
"45440_1",NA,"F",NA,"38715",NA,NA,NA,"00068E1F65","HSF0036","0",NA,NA,NA
"44723_2","BROWN AND WHITE","F",NA,"38724",NA,NA,NA,"000682C5B0","HSF0037","0",NA,NA,NA
"45434_2",NA,"F",NA,"38715",NA,NA,NA,"00068E1E83","HSF0038","0",NA,NA,NA
"44724_2","ALBINO","F",NA,"38702",NA,NA,NA,"000673227D","HSF0039","0",NA,NA,NA
"45435_2",NA,"F",NA,"38729",NA,NA,NA,"00068E18F6","HSF0040","0",NA,NA,NA
"45436_2",NA,"F",NA,"38732",NA,NA,NA,"00068E8C14","HSF0042","0",NA,NA,NA
"45437_2",NA,"F",NA,"38775",NA,NA,NA,"00068E34F6","HSF0044","0",NA,NA,NA
"44764_2","BLACK HOOD","F",NA,"38708",NA,NA,NA,"000682E01C","HSF0045","0",NA,NA,NA
"44765_2","BLACK W/RED TAI","F",NA,"38769",NA,NA,NA,"000672FDF0","HSF0046","0",NA,NA,NA
"44766_2","BROWN","F",NA,"38753",NA,NA,NA,"0006714C68","HSF0047","0",NA,NA,NA
"45438_2",NA,"F",NA,"38747",NA,NA,NA,"00068EA13C","HSF0048","0",NA,NA,NA
"44767_2","BLACK","F",NA,"38727",NA,NA,NA,"00068E30EE","HSF0049","0",NA,NA,NA
"44768_2","ALBINO","F",NA,"38719",NA,NA,NA,"00068E3E58","HSF0050","0",NA,NA,NA
"44769_2","BLACK HOOD","F",NA,"38719",NA,NA,NA,"00068E13E8","HSF0051","0",NA,NA,NA
"44771_2","ALBINO","F",NA,"38718",NA,NA,NA,"00068E1DDE","HSF0052","0",NA,NA,NA
"44772_2","BROWN HOOD","F",NA,"38715",NA,NA,NA,"00068E19C3","HSF0053","0",NA,NA,NA
"44773_2","BROWN HOOD","F",NA,"38719",NA,NA,NA,"00068E0FE2","HSF0054","0",NA,NA,NA
"44717_3",NA,"F",NA,"38751",NA,NA,NA,"00068EAB77","HSF0055","0",NA,NA,NA
"44718_3",NA,"F",NA,"38718",NA,NA,NA,"00068E94E7","HSF0056","0",NA,NA,NA
"44720_3",NA,"F",NA,"38744",NA,NA,NA,"00068E17B0","HSF0057","0",NA,NA,NA
"44721_3",NA,"F",NA,"38734",NA,NA,NA,"00068E0C30","HSF0058","0",NA,NA,NA
"44723_3",NA,"F",NA,"38724",NA,NA,NA,"00068E141A","HSF0059","0",NA,NA,NA
"44724_3",NA,"F",NA,"38702",NA,NA,NA,"00068EAB94","HSF0060","0",NA,NA,NA
"44766_3",NA,"F",NA,"38753",NA,NA,NA,"00068EA275","HSF0061","0",NA,NA,NA
"46137_1","BLACK","F",NA,"38961",NA,"41454_1","41456_2","00068B7CBB","HSF0101","100","LT","HSM0007","HSF0005"
"44194_1","BLACK HOOD","F",NA,"38868",NA,"41445_2","41452_2","00068EA163","HSF0102","100","RT","HSM0016B","HSF0001"
"43874_1","BROWN HOOD","F",NA,"38886",NA,"44713_1","44712_2","00068E2D59","HSF0103","100","RT","HSM0022","HSF0020"
"44079_3","BLACK HOOD","F",NA,"38883",NA,"41445_2","41460_2","00068E2755","HSF0104","100","LM","HSM0016B","HSF0014"
"43875_2","BROWN","F",NA,"38883",NA,"44712_1","44711_3","00068E2E5F","HSF0105","100","RM","HSM0020","HSF0002"
"43880_6","ALBINO","F",NA,"38872",NA,"41461_1","41451_2","00068E9BA1","HSF0106","100","RM","HSM0008","HSF0012"
"43988_1","ALBINO","F",NA,"38879",NA,"41448_1","41464_2","00068E253F","HSF0107","100","RT","HSM0019","HSF0017"
"43987_2","BLACK HOOD","F",NA,"38880",NA,"41447_1","41450_2","00068E042F","HSF0108","100","RM","HSM0006","HSF0018"
"44082_2","BLACK","F",NA,"38889",NA,"41464_1","41446_2","00068E151E","HSF0109","100","LM","HSM0017","HSF0015"
"46958_2","BLACK","F",NA,"40086",NA,"41464_1","41446_2","000696D20E","HSF109B","100","RM","HSM0017","HSF0015"
"43304_2","BLACK HOOD","F",NA,"38879",NA,"41455_1","41461_2","00068EB39D","HSF0110","100","RM","HSM0010","HSF0008"
"44080_1","BROWN","F",NA,"38884",NA,"41453_1","41458_2","00068E80BA","HSF0111","100","LT","HSM0024","HSF0004"
"43303_1","BROWN HOOD","F",NA,"38880",NA,"41449_1","41428_2","00068E854D","HSF0113","100","RT","HSM0013","HSF0011"
"43877_1","BLACK","F",NA,"38886",NA,"44711_1","41463_2","000697AC83","HSF0114","100","RT","HSM0002","HSF0021"
"43986_4","BROWN","F",NA,"38880",NA,"41458_1","41448_2","00068E94B4","HSF0115","100","LT","HSM0004","HSF0019"
"43878_2","BROWN HOOD","F",NA,"38869",NA,"41451_1","41462_2","00068E9248","HSF0116","100","RM","HSM0012","HSF0023"
"43863_1","BLACK","F",NA,"38870",NA,"41428_1","41457_2","00068E287C","HSF0117","100","LT","HSM0011","HSF0009"
"44791_1","ALBINO","F",NA,"38910",NA,"41446_1","41447_2","00068E3423","HSF0118","100","RT","HSM0015","HSF0006"
"44193_5","BLACK","F",NA,"38866",NA,"41450_1","41449_2","00068E1D87","HSF0119","100","LM","HSM0018","HSF0013"
"43889_1","BLACK","F",NA,"38875",NA,"41452_1","41453_2","00068E32B3","HSF0120","100","RT","HSM0001","HSF0024"
"44780_2","BLACK HOOD","F",NA,"38935",NA,"44714_1","44764_2","00068E24B1","HSF0121","100","RM","HSM0025","HSF0045"
"43879_6","BROWN HOOD","F",NA,"38872",NA,"41460_1","41455_2","00068E0E22","HSF0122","100","LB","HSM0014","HSF0010"
"45595_1","BLACK HOOD","F",NA,"38947",NA,"45432_1","44717_2","00068E2612","HSF0123","100","RT","HSM0032","HSF0027"
"45596_4","BLACK","F",NA,"38947",NA,"45434_1","44723_3","00068E2E14","HSF0124","100","RM","HSM0038","HSF0059"
"45925_1","BROWN HOOD","F",NA,"38951",NA,"44717_1","44720_3","00068E8E85","HSF0125","100","RT","HSM0027","HSF0057"
"45603_1","BLACK HOOD","F",NA,"38963",NA,"44765_1","45436_2","00068B7300","HSF0126","100","RT","HSM0046","HSF0042"
"44942_3","ALBINO","F",NA,"38940",NA,"44722_1","44720_2","00068B5318","HSF0127","100","RT","HSM0035","HSF0031"
"44779_4","BROWN","F",NA,"38935",NA,"44724_1","44718_2","00068B77B1","HSF0128","100","LT","HSM0039","HSF0028"
"47825_4","BROWN HOOD","F",NA,"39027",NA,"45438_1","44766_3","00068B5C3A","HSF0129","100","LT","HSM0048","HSF0061"
"45605_4","BLACK","F",NA,"38959",NA,"45433_3","45438_2","00068B7328","HSF0131","100","RM","HSM0056","HSF0048"
"44776_2","BLACK HOOD","F",NA,"38925",NA,"44719_1","44765_2","00068B715F","HSF0132","100","RM","HSM0029","HSF0046"
"45600_3","BLACK HOOD","F",NA,"38954",NA,"45436_1","45433_2","00068B8D3D","HSF0133","100","LM","HSM0042","HSF0033"
"44941_4","BROWN HOOD","F",NA,"38940",NA,"44723_1","44716_2","00068B34E3","HSF0134","100","RM","HSM0037","HSF0026"
"45599_4","BLACK HOOD","F",NA,"39287",NA,"45437_1","45432_2","00068B8104","HSF0135","100","LT","HSM0044","HSF0032"
"45597_1","BROWN","F",NA,"38949",NA,"45435_1","44722_2","00068B6152","HSF0136","100","RB","HSM0040","HSF0035"
"45604_4","BLACK HOOD","F",NA,"38960",NA,"44720_1","45437_2","00068B6E48","HSF0137","100","LM","HSM0031","HSF0044"
"46706_2","ALBINO","F",NA,"38996",NA,"45433_1","44721_3","00068B8343","HSF0139","100","LT","HSM0033","HSF0058"
"47821_3","BROWN HOOD","F",NA,"39023",NA,"45433_1","44721_3","00068BA51F","HSF0139B","100","LM","HSM0033","HSF0058"
"44777_1","BROWN HOOD","F",NA,"38938",NA,"44716_1","44766_2","00068B9C04","HSF0140","100","RT","HSM0026","HSF0047"
"46164_1","BLACK","F",NA,"38963",NA,"41457_1","41454_2","00068AD438","HSF0141","100","LM","HSM0009","HSF0007"
"45602_1","BROWN","F",NA,"38962",NA,"44766_1","45435_2","00068B71F1","HSF0142","100","RB","HSM0047","HSF0040"
"44775_5","BROWN HOOD","F",NA,"38925",NA,"44718_1","44721_2","00068B89D3","HSF0143","100","LM","HSM0028","HSF0034"
"46248_1","BROWN","F",NA,"38967",NA,"41463_1","44713_2","00068BA406","HSF0144","100","RT","HSM0021","HSF0022"
"46680_2","BLACK HOOD","F",NA,"38985",NA,"41456_1","41459_2","00068B712A","HSF0145","100","RM","HSM0005","HSF0003"
"48371_1","BLACK HOOD","F",NA,"39033",NA,"44764_1","44724_3","00068B54E8","HSF0146","100","RB","HSM0045","HSF0060"
"46672_1","BLACK HOOD","F",NA,"38973",NA,"45434_1","44723_3","00068B6984","HSF124B","100","LT","HSM0038","HSF0059"
"44077_2","BLACK HOOD","M",NA,"38883",NA,"41454_1","41456_2","00068E2D48","HSM0101","100","RM","HSM0007","HSF0005"
"44194_2","BROWN HOOD","M",NA,"38868",NA,"41445_2","41452_2","00068E228C","HSM0102","100","RM","HSM0016B","HSF0001"
"43874_2","ALBINO","M",NA,"38886",NA,"44713_1","44712_2","00068EAEA3","HSM0103","100","RM","HSM0022","HSF0020"
"44079_2","BLACK HOOD","M",NA,"38883",NA,"41445_2","41460_2","00068E2A39","HSM0104","100","LT","HSM0016B","HSF0014"
"43875_1","BLACK","M",NA,"38883",NA,"44712_1","44711_3","00068E9E17","HSM0105","100","RT","HSM0020","HSF0002"
"43880_5","BROWN","M",NA,"38872",NA,"41461_1","41451_2","00068EB23C","HSM0106","100","RT","HSM0008","HSF0012"
"43988_2","BLACK HOOD","M",NA,"38879",NA,"41448_1","41464_2","00068E0F84","HSM0107","100","RM","HSM0019","HSF0017"
"43987_1","BROWN HOOD","M",NA,"38880",NA,"41447_1","41450_2","00068E3AEC","HSM0108","100","RT","HSM0006","HSF0018"
"44082_1","BLACK","M",NA,"38889",NA,"41464_1","41446_2","00068E246B","HSM0109","100","LT","HSM0017","HSF0015"
"43304_1","BROWN HOOD","M",NA,"38879",NA,"41455_1","41461_2","00068E3903","HSM0110","100","RT","HSM0010","HSF0008"
"44080_2","BROWN","M",NA,"38884",NA,"41453_1","41458_2","00068EB49E","HSM0111","100","LM","HSM0024","HSF0004"
"43873_3","BLACK HOOD","M",NA,"38886",NA,"41462_1","44714_2","00068EB409","HSM0112","100","RB","HSM0023","HSF0025"
"43303_2","BROWN","M",NA,"38880",NA,"41449_1","41428_2","00068E0D6E","HSM0113","100","RM","HSM0013","HSF0011"
"43877_2","BLACK","M",NA,"38886",NA,"44711_1","41463_2","00068E1277","HSM0114","100","RM","HSM0002","HSF0021"
"43986_3","BROWN","M",NA,"38880",NA,"41458_1","41448_2","000697B261","HSM0115","100","RB","HSM0004","HSF0019"
"43878_1","BROWN HOOD","M",NA,"38869",NA,"41451_1","41462_2","00068E1954","HSM0116","100","RT","HSM0012","HSF0023"
"43863_2","ALBINO","M",NA,"38870",NA,"41428_1","41457_2","00068E3C19","HSM0117","100","LM","HSM0011","HSF0009"
"44791_2","BLACK","M",NA,"38910",NA,"41446_1","41447_2","00068E03AE","HSM0118","100","RM","HSM0015","HSF0006"
"44193_4","BLACK HOOD","M",NA,"38866",NA,"41450_1","41449_2","00068E02F3","HSM0119","100","LT","HSM0018","HSF0013"
"43889_2","ALBINO","M",NA,"38875",NA,"41452_1","41453_2","00068E9926","HSM0120","100","RM","HSM0001","HSF0024"
"44780_1","BLACK HOOD","M",NA,"38935",NA,"44714_1","44764_2","00068E2ACF","HSM0121","100","RT","HSM0025","HSF0045"
"43879_5","BROWN","M",NA,"38872",NA,"41460_1","41455_2","00068E0AD3","HSM0122","100","LM","HSM0014","HSF0010"
"45595_2","BLACK","M",NA,"38947",NA,"45432_1","44717_2","00068E15BD","HSM0123","100","RM","HSM0032","HSF0027"
"45596_3","BLACK","M",NA,"38947",NA,"45434_1","44723_3","00068EA7AB","HSM0124","100","LT","HSM0038","HSF0059"
"45925_2","BROWN","M",NA,"38951",NA,"44717_1","44720_3","00068B9FF2","HSM0125","100","RM","HSM0027","HSF0057"
"45603_2","ALBINO","M",NA,"38963",NA,"44765_1","45436_2","00068B5B46","HSM0126","100","RM","HSM0046","HSF0042"
"44942_4","BLACK","M",NA,"38940",NA,"44722_1","44720_2","00068B83CF","HSM0127","100","RM","HSM0035","HSF0031"
"44779_3","BROWN HOOD","M",NA,"38935",NA,"44724_1","44718_2","00068B07D6","HSM0128","100","RB","HSM0039","HSF0028"
"47825_3","BROWN HOOD","M",NA,"39027",NA,"45438_1","44766_3","00068B031C","HSM0129","100","RB","HSM0048","HSF0061"
"45605_3","BLACK HOOD","M",NA,"38959",NA,"45433_3","45438_2","00068B7EF4","HSM0131","100","RT","HSM0056","HSF0048"
"44776_1","BLACK HOOD","M",NA,"38925",NA,"44719_1","44765_2","00068B3F4D","HSM0132","100","RT","HSM0029","HSF0046"
"45600_2","BROWN","M",NA,"38954",NA,"45436_1","45433_2","00068B595A","HSM0133","100","RLT","HSM0042","HSF0033"
"44941_3","BLACK HOOD","M",NA,"39287",NA,"44723_1","44716_2","00068B9574","HSM0134","100","RT","HSM0037","HSF0026"
"45599_3","BLACK HOOD","M",NA,"38978",NA,"45437_1","45432_2","00068AECFD","HSM0135","100","RB","HSM0044","HSF0032"
"45597_2","BLACK","M",NA,"38949",NA,"45435_1","44722_2","00068AD4AD","HSM0136","100","LT","HSM0040","HSF0035"
"45604_3","BLACK HOOD","M",NA,"38960",NA,"44720_1","45437_2","00068B238B","HSM0137","100","LT","HSM0031","HSF0044"
"46706_1","BROWN HOOD","M",NA,"38996",NA,"45433_1","44721_3","00068B732D","HSM0139","100","RT","HSM0033","HSF0058"
"44777_2","BROWN","M",NA,"38938",NA,"44716_1","44766_2","00068B5C17","HSM0140","100","RM","HSM0026","HSF0047"
"46164_2","BLACK HOOD","M",NA,"38963",NA,"41457_1","41454_2","00068B94DD","HSM0141","100","LB","HSM0009","HSF0007"
"45602_2","BLACK","M",NA,"38962",NA,"44766_1","45435_2","00068B6E3A","HSM0142","100","LT","HSM0047","HSF0040"
"44775_4","BLACK HOOD","M",NA,"38925",NA,"44718_1","44721_2","00068BA51B","HSM0143","100","LT","HSM0028","HSF0034"
"46248_2","BROWN HOOD","M",NA,"38967",NA,"41463_1","44713_2","00068B94A6","HSM0144","100","RM","HSM0021","HSF0022"
"46680_1","BLACK","M",NA,"38985",NA,"41456_1","41459_2","00068B8013","HSM0145","100","RT","HSM0005","HSF0003"
"46704_1","BLACK HOOD","M",NA,"38988",NA,"44764_1","44724_3","00068B9112","HSM0146","100","RT","HSM0045","HSF0060"
"44774_7","BROWN","M",NA,"38926",NA,"44721_1","44719_2","00068B9379","HSM0130","100","RM","HSM0034","HSF0029"
"44778_5","BROWN HOOD","M",NA,"38933",NA,"44711_2","44723_2","00068BA2F9","HSM0138","100","RT","HSM0002B","HSF0037"
"43873_4","BLACK HOOD","F",NA,"38886",NA,"41462_1","44714_2","00068E8F61","HSF0112","100","LT","HSM0023","HSF0025"
"44774_8","BROWN","F",NA,"38926",NA,"44721_1","44719_2","00068B2273","HSF0130","100","LT","HSM0034","HSF0029"
"44778_6","BLACK HOOD","F",NA,"38933",NA,"44711_2","44723_2","00068B2AB0","HSF0138","100","RM","HSM0002B","HSF0037"
"46692_4","BLACK HOOD","F",NA,"38991",NA,"44077_2","44194_1","000696CEF3","HSF0201","200","LT","HSM0101","HSF0102"
"46693_4","BLACK HOOD","F",NA,"38991",NA,"44194_2","43874_1","000696BFAF","HSF0202","200","LB","HSM0102","HSF0103"
"46694_4","BLACK HOOD","F",NA,"38991",NA,"43874_2","44079_3","6960054","HSF0203","200","LC","HSM0103","HSF0104"
"46695_4","BROWN","F",NA,"38991",NA,"44079_2","43875_2","000696FCD1","HSF0204","200","RLM","HSM0104","HSF0105"
"46696_4","BLACK HOOD","F",NA,"39000",NA,"43875_1","43880_6","000696DF35","HSF0205","200","RM","HSM0105","HSF0106"
"46697_4","ALBINO","F",NA,"38998",NA,"43880_5","43988_1","000696BB9B","HSF0206","200","LT","HSM0106","HSF0107"
"46698_4","BLACK HOOD","F",NA,"39013",NA,"43988_2","43987_2","000696BBDD","HSF0207","200","LT","HSM0107","HSF0108"
"46699_4","BROWN HOOD","F",NA,"39001",NA,"43987_1","44082_2","000696DED5","HSF0208","200","LB","HSM0108","HSF0109"
"46700_4","BLACK","F",NA,"39010",NA,"44082_1","43304_2","000696C635","HSF0209","200","RM","HSM0109","HSF0110"
"46701_4","BROWN","F",NA,"39008",NA,"43304_1","44080_1","000696D27D","HSF0210","200","LT","HSM0110","HSF0111"
"46702_4","ALBINO","F",NA,"39008",NA,"44080_2","43873_4","6.9599999999999997E+61","HSF0211","200","LB","HSM0111","HSF0112"
"46703_4","BLACK HOOD","F",NA,"39010",NA,"43873_3","43303_1","000696AA3A","HSF0212","200","LT","HSM01120","HSF0113"
"46969_4","BROWN","F",NA,"39027",NA,"43303_2","43877_1","000696C6CC","HSF0213","200","LB","HSM0113","HSF0114"
"48847_4","BLACK HOOD","F",NA,"39107",NA,"43877_2","47821_3","6962740","HSF0214","200","LB","HSM0114","HSF0139B"
"46971_6","BLACK","F",NA,"39016",NA,"43986_3","43878_2","00069622F0","HSF0215","200","RM","HSM0115","HSF0116"
"46972_4","BLACK","F",NA,"39019",NA,"43878_1","43863_1","000696C800","HSF0216","200","LT","HSM0116","HSF0117"
"49849_3","BLACK AND WHITE","F",NA,"39109",NA,"43878_1","43863_1","000696DE17","HSF0216B","200","RT","HSM0116","HSF0117"
"47130_3","ALBINO","F",NA,"39023",NA,"43863_2","44791_1","000696C820","HSF0217","200","RT","HSM0117","HSF0118"
"50401_3","ALBINO","F",NA,"39131",NA,"43863_2","44791_1","000696CF9D","HSF0217B","200","RT","HSM0117","HSF0118"
"47131_4","BLACK HOOD","F",NA,"39022",NA,"44791_2","44193_5","000696B338","HSF0218","200","RM","HSM0118","HSF0119"
"47132_2","BLACK","F",NA,"39035",NA,"44193_4","43889_1","0006961CD7","HSF0219","200","RM","HSM0119","HSF0120"
"47133_4","BLACK","F",NA,"39022",NA,"43889_2","44780_2","000696B7E2","HSF0220","200","LT","HSM0120","HSF0121"
"47515_2","BROWN HOOD","F",NA,"39030",NA,"44780_1","43879_6","000696E00E","HSF0221","200","RT","HSM0121","HSF0122"
"47516_4","?","F",NA,"39030",NA,"43879_5","45595_1","000695FF7A","HSF0222","200","RB","HSM0122","HSF0123"
"47517_4","BLACK","F",NA,"39031",NA,"45595_2","45596_4","000696A89E","HSF0223","200","LT","HSM0123","HSF0124"
"50225_3","BLACK","F",NA,"39128",NA,"45595_2","45596_4","000696DECB","HSF0223B","200","RB","HSM0123","HSF0124"
"47518_4","BROWN HOOD","F",NA,"39031",NA,"45596_3","45925_1","000696A9B1","HSF0224","200","LM","HSM0124","HSF0125"
"47519_4","BLACK","F",NA,"39040",NA,"45925_2","45603_1","000696CA5D","HSF0225","200","RC","HSM0125","HSF0126"
"47520_2","ALBINO","F",NA,"39038",NA,"45603_2","44942_3","000696DEBC","HSF0226","200","LM","HSM0126","HSF0127"
"49850_3","ALBINO","F",NA,"39109",NA,"45603_2","44942_3","000696BB3F","HSF0226B","200","LM","HSM0126","HSF0127"
"47521_2","BLACK","F",NA,"39069",NA,"44942_4","44779_4","69600000000000","HSF0227","200","LT","HSM0127","HSF0128"
"48844_2","BROWN HOOD","F",NA,"39093",NA,"44779_3","47825_4","000695FF4C","HSF0228","200","RM","HSM0128","HSF0129"
"48845_3","BROWN","F",NA,"39121",NA,"47825_3","44774_8","0006960EA6","HSF0229","200","RC","HSM0129","HSF0130"
"47522_4","BROWN HOOD","F",NA,"39048",NA,"44774_7","45605_4","000695F72F","HSF0230","200","RLM","HSM0130","HSF0131"
"47829_4","BLACK HOOD","F",NA,"39046",NA,"45605_3","44776_2","00069609DE","HSF0231","200","LT","HSM0131","HSF0132"
"47830_4","BLACK","F",NA,"39048",NA,"44776_1","45600_3","000696DEAB","HSF0232","200","LB","HSM0132","HSF0133"
"50488_3","BLACK AND WHITE","F",NA,"39139",NA,"44776_1","45600_3","00068B81C3","HSF0232B","200","LT","HSM0132","HSF0133"
"47831_4","BROWN HOOD","F",NA,"39048",NA,"45600_2","44941_4","000696AECC","HSF0233","200","RM","HSM0133","HSF0134"
"47832_4","BLACK HOOD","F",NA,"39048",NA,"44941_3","45599_4","000696B041","HSF0234","200","LC","HSM0134","HSF0135"
"47837_2","ALBINO","F",NA,"39055",NA,"45599_3","45597_1","000696C21C","HSF0235","200","LT","HSM0135","HSF0136"
"47838_2","BLACK","F",NA,"39049",NA,"45597_2","45604_4","000696DD54","HSF0236","200","RM","HSM0136","HSF0137"
"47839_2","BLACK HOOD","F",NA,"39059",NA,"45604_3","44778_6","000696DE78","HSF0237","200","LT","HSM0137","HSF0138"
"48809_2","ALBINO","F",NA,"39069",NA,"44778_5","47821_3","000696C081","HSF0238","200","RM","HSM0138","HSF0139B"
"49938_2","BROWN HOOD","F",NA,"38753",NA,"46706_1","44777_1","000696BD7A","HSF0239","200","LT","HSM0139","HSF0140"
"47841_2","BROWN","F",NA,"39065",NA,"44777_2","46164_1","000696AA88","HSF0240","200","RM","HSM0140","HSF0141"
"48004_2","ALBINO","F",NA,"39059",NA,"46164_2","45602_1","000696CE3B","HSF0241","200","LB","HSM0141","HSF0142"
"48005_2","BLACK","F",NA,"39424",NA,"45602_2","44775_5","000696BA34","HSF0242","200","LB","HSM0142","HSF0143"
"48006_2","BROWN","F",NA,"39057",NA,"44775_4","46248_1","000696C143","HSF0243","200","RM","HSM0143","HSF0144"
"48007_2","BLACK HOOD","F",NA,"39059",NA,"46248_2","46680_2","000696BBAA","HSF0244","200","RM","HSM0144","HSF0145"
"48846_2","BLACK","F",NA,"39094",NA,"46680_1","48371_1","000696AB24","HSF0245","200","LT","HSM0145","HSF0146"
"50226_3","BLACK HOOD","F",NA,"39128",NA,"46704_1","46137_1","000696BC65","HSF0246","200","RT","HSM0146","HSF0101"
"50227_3","BLACK HOOD","F",NA,"39128",NA,"44077_2","44194_1","000696B77A","HSF0247","200","RT","HSM0101","HSF0102"
"50951_2","ALBINO","F",NA,"39156",NA,"43880_5","43988_1","000696057B","HSF0248","200","RM","HSM0106","HSF0107"
"50399_4","BLACK HOOD","F",NA,"39129",NA,"43988_2","43987_2","0006961F59","HSF0249","200","LB","HSM0107","HSF0108"
"49855_4","BROWN HOOD","F",NA,"39113",NA,"43987_1","44082_2","000696B7E5","HSF0250","200","LT","HSM0108","HSF0109"
"50818_4","BLACK HOOD","F",NA,"39149",NA,"44082_1","43304_2","6961071","HSF0251","200","RB","HSM0109","HSF0110"
"50409_4","BROWN","F",NA,"42788",NA,"44080_2","43873_4","000696B074","HSF0252","200","RM","HSM0111","HSF0112"
"49852_4","BROWN HOOD","F",NA,"39110",NA,"43873_3","43303_1","0006961BFF","HSF0253","200","LT","HSM01120","HSF0113"
"50400_4","BROWN","F",NA,"39130",NA,"43303_2","43877_1","000696A707","HSF0254","200","LT","HSM0113","HSF0114"
"50410_4","BLACK","F",NA,"39135",NA,"43877_2","47821_3","000696C6C7","HSF0255","200","LT","HSM0114","HSF0139B"
"50216_4","BROWN","F",NA,"39121",NA,"43986_3","43878_2","000696CB9A","HSF0256","200","LT","HSM0115","HSF0116"
"49849_4","BROWN HOOD","F",NA,"39109",NA,"43878_1","43863_1","6960173","HSF0257","200","RM","HSM0116","HSF0117"
"50401_4","ALBINO","F",NA,"39131",NA,"43863_2","44791_1","000696BC08","HSF0258","200","RM","HSM0117","HSF0118"
"49933_4","BLACK HOOD","F",NA,"39117",NA,"44791_2","44193_5","000696CF63","HSF0259","200","LT","HSM0118","HSF0119"
"49936_4","BLACK HOOD","F",NA,"39118",NA,"44193_4","43889_1","0006960DB5","HSF0260","200","RM","HSM0119","HSF0120"
"50800_4","BLACK","F",NA,"39144",NA,"43889_2","44780_2","0006960F97","HSF0261","200","LT","HSM0120","HSF0121"
"50225_4","BLACK","F",NA,"39128",NA,"45595_2","45596_4","000695F894","HSF0262","200","LT","HSM0123","HSF0124"
"50844_4","BROWN AND WHITE","F",NA,"39142",NA,"45596_3","45925_1","000696DD66","HSF0263","200","LT","HSM0124","HSF0125"
"50580_3","BROWN AND WHITE","F",NA,"39142",NA,"45925_2","45603_1","0006962B90","HSF0264","200","LM","HSM0125","HSF0126"
"49850_4","ALBINO","F",NA,"39109",NA,"45603_2","44942_3","0006960FC4","HSF0265","200","LB","HSM0126","HSF0127"
"50402_4","BLACK AND WHITE","F",NA,"39131",NA,"44942_4","44779_4","6960212","HSF0266","200","LB","HSM0127","HSF0128"
"50031_4","BROWN HOOD","F",NA,"39120",NA,"44779_3","47825_4","00069628D2","HSF0267","200","LT","HSM0128","HSF0129"
"48845_4","BROWN HOOD","F",NA,"39121",NA,"47825_3","44774_8","000696C495","HSF0268","200","LC","HSM0129","HSF0130"
"49953_4","BROWN AND WHITE","F",NA,"39144",NA,"44774_7","46958_2","000695F13D","HSF0269","200","RM","HSM0130","HSF0109B"
"50579_4","BLACK HOOD","F",NA,"39141",NA,"45605_3","44776_2","6962243","HSF0270","200","RM","HSM0131","HSF0132"
"50488_4","BLACK AND WHITE","F",NA,"39139",NA,"44776_1","45600_3","000696C924","HSF0271","200","LM","HSM0132","HSF0133"
"50408_4","BROWN HOOD","F",NA,"39134",NA,"45600_2","44941_4","000696ADBF","HSF0272","200","LT","HSM0133","HSF0134"
"50220_1","BLACK HOOD","F",NA,"39124",NA,"44941_3","45599_4","000696E14F","HSF0273","200","RT","HSM0134","HSF0135"
"50221_4","BLACK HOOD","F",NA,"39125",NA,"45599_3","45597_1","000696D27C","HSF0274","200","LM","HSM0135","HSF0136"
"50845_4","BLACK HOOD","F",NA,"39151",NA,"45597_2","45604_4","000695F43D","HSF0275","200","LT","HSM0136","HSF0137"
"50576_4","BLACK HOOD","F",NA,"39141",NA,"45604_3","44778_6","000696A7EC","HSF0276","200","LT","HSM0137","HSF0138"
"50222_4","BROWN HOOD","F",NA,"39125",NA,"44778_5","47821_3","000696B2CF","HSF0277","200","RB","HSM0138","HSF0139B"
"51345_3","BROWN HOOD","F",NA,"39164",NA,"46706_1","44777_1","0006961FEC","HSF0278","200",NA,"HSM0139","HSF0140"
"50486_3","BROWN AND WHITE","F",NA,"39136",NA,"44777_2","46164_1","000696B787","HSF0279","200","RT","HSM0140","HSF0141"
"50574_2","BROWN AND WHITE","F",NA,"37314",NA,"46164_2","45602_1","6962617","HSF0280","200","RT","HSM0141","HSF0142"
"51158_1","BLACK AND WHITE","F",NA,"39162",NA,"45602_2","44775_5","00069623EA","HSF0281","200",NA,"HSM0142","HSF0143"
"50487_3","BROWN AND WHITE","F",NA,"39137",NA,"44775_4","46248_1","6960458","HSF0282","200","LB","HSM0143","HSF0144"
"50814_3","BLACK HOOD","F",NA,"39146",NA,"46248_2","46680_2","000696CD88","HSF0283","200","LM","HSM0144","HSF0145"
"50819_3","BLACK AND WHITE","F",NA,"39149",NA,"46680_1","48371_1","000696029A","HSF0284","200","LB","HSM0145","HSF0146"
"50226_4","BLACK AND WHITE","F",NA,"39128",NA,"46704_1","46137_1","000696B911","HSF0285","200","RM","HSM0146","HSF0101"
"46692_3","BLACK HOOD","M",NA,"38991",NA,"44077_2","44194_1","000695F987","HSM0201","200","RB","HSM0101","HSF0102"
"46693_3","BROWN HOOD","M",NA,"38991",NA,"44194_2","43874_1","000696B41F","HSM0202","200","LM","HSM0102","HSF0103"
"46694_3","BROWN HOOD","M",NA,"38991",NA,"43874_2","44079_3","000696AFC2","HSM0203","200","RC","HSM0103","HSF0104"
"46695_3","BROWN","M",NA,"38991",NA,"44079_2","43875_2","000696D995","HSM0204","200","RLT","HSM0104","HSF0105"
"46696_3","BROWN","M",NA,"39000",NA,"43875_1","43880_6","000696B9B6","HSM0205","200","RT","HSM0105","HSF0106"
"46697_3","BROWN HOOD","M",NA,"38998",NA,"43880_5","43988_1","000696C999","HSM0206","200","RB","HSM0106","HSF0107"
"46698_3","BLACK HOOD","M",NA,"39013",NA,"43988_2","43987_2","000696AA2B","HSM0207","200","RB","HSM0107","HSF0108"
"46699_3","BLACK","M",NA,"39001",NA,"43987_1","44082_2","000696BB54","HSM0208","200","LM","HSM0108","HSF0109"
"46700_3","BLACK HOOD","M",NA,"39010",NA,"44082_1","43304_2","000695F29E","HSM0209","200","RT","HSM0109","HSF0110"
"46701_3","BROWN","M",NA,"39008",NA,"43304_1","44080_1","000695FC39","HSM0210","200","RB","HSM0110","HSF0111"
"46702_3","ALBINO","M",NA,"39008",NA,"44080_2","43873_4","69600","HSM0211","200","LM","HSM0111","HSF0112"
"46703_3","BROWN HOOD","M",NA,"39010",NA,"43873_3","43303_1","6.96E+162","HSM0212","200","RB","HSM01120","HSF0113"
"46969_3","BLACK","M",NA,"39027",NA,"43303_2","43877_1","6960670","HSM0213","200","LM","HSM0113","HSF0114"
"48847_1","BROWN HOOD","M",NA,"39107",NA,"43877_2","47821_3","6962462","HSM0214","200","RB","HSM0114","HSF0139B"
"46971_5","BROWN","M",NA,"39016",NA,"43986_3","43878_2","000696D319","HSM0215","200","RT","HSM0115","HSF0116"
"46972_3","BROWN HOOD","M",NA,"39019",NA,"43878_1","43863_1","000695F8D9","HSM0216","200","RB","HSM0116","HSF0117"
"47130_2","ALBINO","M",NA,"39023",NA,"43863_2","44791_1","000696DC84","HSM0217","200","LB","HSM0117","HSF0118"
"47131_3","BLACK","M",NA,"39022",NA,"44791_2","44193_5","0006960B10","HSM0218","200","RT","HSM0118","HSF0119"
"47132_1","BLACK HOOD","M",NA,"39035",NA,"44193_4","43889_1","0006961AF5","HSM0219","200","RT","HSM0119","HSF0120"
"47133_3","BLACK HOOD","M",NA,"39022",NA,"43889_2","44780_2","000696129E","HSM0220","200","RB","HSM0120","HSF0121"
"47515_1","ALBINO","M",NA,"39030",NA,"44780_1","43879_6","000696D275","HSM0221","200","LM","HSM0121","HSF0122"
"47516_3","BROWN HOOD","M",NA,"39030",NA,"43879_5","45595_1","000696CF39","HSM0222","200","RM","HSM0122","HSF0123"
"47517_3","BLACK","M",NA,"39031",NA,"45595_2","45596_4","000696DC9B","HSM0223","200","RB","HSM0123","HSF0124"
"47518_3","BROWN","M",NA,"39031",NA,"45596_3","45925_1","000696BEC1","HSM0224","200","LT","HSM0124","HSF0125"
"47519_3","BROWN HOOD","M",NA,"39040",NA,"45925_2","45603_1","6960446","HSM0225","200","LB","HSM0125","HSF0126"
"47520_1","ALBINO","M",NA,"39038",NA,"45603_2","44942_3","000695FF52","HSM0226","200","LT","HSM0126","HSF0127"
"47521_1","BROWN","M",NA,"39069",NA,"44942_4","44779_4","000696D139","HSM0227","200","RB","HSM0127","HSF0128"
"48844_1","BROWN HOOD","M",NA,"39093",NA,"44779_3","47825_4","000696B3D2","HSM0228","200","RT","HSM0128","HSF0129"
"48845_1","BROWN","M",NA,"39121",NA,"47825_3","44774_8","000696AF7D","HSM0229","200","LM","HSM0129","HSF0130"
"47522_3","BROWN","M",NA,"39048",NA,"44774_7","45605_4","000696269D","HSM0230","200","RLT","HSM0130","HSF0131"
"47829_3","BLACK HOOD","M",NA,"39048",NA,"45605_3","44776_2","0006960D70","HSM0231","200","RB","HSM0131","HSF0132"
"47830_3","BLACK","M",NA,"39048",NA,"44776_1","45600_3","6960812","HSM0232","200","LM","HSM0132","HSF0133"
"47831_3","BROWN","M",NA,"39048",NA,"45600_2","44941_4","000696C53C","HSM0233","200","RT","HSM0133","HSF0134"
"47832_3","BLACK HOOD","M",NA,"39048",NA,"44941_3","45599_4","000696155F","HSM0234","200","RCLC","HSM0134","HSF0135"
"47837_1","BLACK","M",NA,"39055",NA,"45599_3","45597_1","000696CA1B","HSM0235","200","RB","HSM0135","HSF0136"
"47838_1","BLACK HOOD","M",NA,"39049",NA,"45597_2","45604_4","0006960E0D","HSM0236","200","RT","HSM0136","HSF0137"
"47839_1","BLACK HOOD","M",NA,"39059",NA,"45604_3","44778_6","000696D9A2","HSM0237","200","RB","HSM0137","HSF0138"
"48809_1","BROWN HOOD","M",NA,"39069",NA,"44778_5","47821_3","000696C365","HSM0238","200","RT","HSM0138","HSF0139B"
"49938_1","ALBINO","M",NA,"39118",NA,"46706_1","44777_1","00069629C7","HSM0239","200","RB","HSM0139","HSF0140"
"47841_1","BROWN","M",NA,"39065",NA,"44777_2","46164_1","000696B0A1","HSM0240","200","RT","HSM0140","HSF0141"
"48004_1","BLACK HOOD","M",NA,"39059",NA,"46164_2","45602_1","0006960F80","HSM0241","200","LM","HSM0141","HSF0142"
"48005_1","BROWN","M",NA,"39059",NA,"45602_2","44775_5","0006960FA0","HSM0242","200","LM","HSM0142","HSF0143"
"48006_1","BROWN HOOD","M",NA,"39057",NA,"44775_4","46248_1","00069608EA","HSM0243","200","RT","HSM0143","HSF0144"
"48007_1","BROWN HOOD","M",NA,"39059",NA,"46248_2","46680_2","000696DB0E","HSM0244","200","RT","HSM0144","HSF0145"
"48846_1","BLACK HOOD","M",NA,"39094",NA,"46680_1","48371_1","6960704","HSM0245","200","RB","HSM0145","HSF0146"
"50226_1","BLACK","M",NA,"39128",NA,"46704_1","46137_1","000696CD8F","HSM0246","200","LM","HSM0146","HSF0101"
"50227_1","BLACK HOOD","M",NA,"39128",NA,"44077_2","44194_1","000696E0FC","HSM0247","200","LM","HSM0101","HSF0102"
"50403_1","ALBINO","M",NA,"39132",NA,"43880_5","43988_1","000696D820","HSM0248","200","RT","HSM0106","HSF0107"
"50399_2","BLACK HOOD","M",NA,"39129",NA,"43988_2","43987_2","000696B10A","HSM0249","200","LT","HSM0107","HSF0108"
"49855_2","BROWN HOOD","M",NA,"39113",NA,"43987_1","44082_2","000696DC64","HSM0250","200","RM","HSM0108","HSF0109"
"50818_2","BLACK HOOD","M",NA,"39149",NA,"44082_1","43304_2","6960244","HSM0251","200","RT","HSM0109","HSF0110"
"50409_2","ALBINO","M",NA,"39135",NA,"44080_2","43873_4","000696C492","HSM0252","200","LB","HSM0111","HSF0112"
"49852_2","BLACK HOOD","M",NA,"39110",NA,"43873_3","43303_1","000696CC3E","HSM0253","200","RM","HSM01120","HSF0113"
"50400_2","BLACK","M",NA,"39130",NA,"43303_2","43877_1","000696BE5E","HSM0254","200","RM","HSM0113","HSF0114"
"50410_2","BROWN HOOD","M",NA,"39135",NA,"43877_2","47821_3","0006962C85","HSM0255","200","RM","HSM0114","HSF0139B"
"50216_2","BROWN","M",NA,"39121",NA,"43986_3","43878_2","00069606FF","HSM0256","200","RM","HSM0115","HSF0116"
"49849_2","BROWN HOOD","M",NA,"39109",NA,"43878_1","43863_1","000696DAEA","HSM0257","200","LB","HSM0116","HSF0117"
"50401_2","ALBINO","M",NA,"39131",NA,"43863_2","44791_1","000696D182","HSM0258","200","LB","HSM0117","HSF0118"
"49933_2","BLACK","M",NA,"39117",NA,"44791_2","44193_5","6961772","HSM0259","200","RM","HSM0118","HSF0119"
"49936_2","BLACK","M",NA,"39118",NA,"44193_4","43889_1","000695F9C6","HSM0260","200","LB","HSM0119","HSF0120"
"50800_2","BLACK HOOD","M",NA,"39144",NA,"43889_2","44780_2","6960419","HSM0261","200","RM","HSM0120","HSF0121"
"50225_2","BLACK","M",NA,"39128",NA,"45595_2","45596_4","6.9599999999999998E+99","HSM0262","200","RM","HSM0123","HSF0124"
"50844_1","BLACK AND WHITE","M",NA,"39142",NA,"45596_3","45925_1","000696288A","HSM0263","200","RT","HSM0124","HSF0125"
"50580_2","BROWN HOOD","M",NA,"39142",NA,"45925_2","45603_1","000696BB663","HSM0264","200","LT","HSM0125","HSF0126"
"49850_2","ALBINO","M",NA,"39109",NA,"45603_2","44942_3","0006962A9D","HSM0265","200","LT","HSM0126","HSF0127"
"50402_2","BROWN AND WHITE","M",NA,"39131",NA,"44942_4","44779_4","000696DB6C","HSM0266","200","LT","HSM0127","HSF0128"
"50031_2","BROWN HOOD","M",NA,"39120",NA,"44779_3","47825_4","000696D34C","HSM0267","200","RM","HSM0128","HSF0129"
"48845_2","BROWN HOOD","M",NA,"39121",NA,"47825_3","44774_8","000695F683","HSM0268","200","LB","HSM0129","HSF0130"
"49953_2","BROWN AND WHITE","M",NA,"39144",NA,"44774_7","46958_2","000695FE2E","HSM0269","200","LB","HSM0130","HSF0109B"
"50579_2","BLACK HOOD","M",NA,"39141",NA,"45605_3","44776_2","000696D9EC","HSM0270","200","LB","HSM0131","HSF0132"
"50488_2","BLACK HOOD","M",NA,"39139",NA,"44776_1","45600_3","000696C05A","HSM0271","200","RB","HSM0132","HSF0133"
"50408_1","BROWN AND WHITE","M",NA,"39134",NA,"45600_2","44941_4","6962021","HSM0272","200","RT","HSM0133","HSF0134"
"50221_1","BROWN AND WHITE","M",NA,"39125",NA,"45599_3","45597_1","000696C839","HSM0274","200","RM","HSM0135","HSF0136"
"50845_2","BLACK HOOD","M",NA,"39151",NA,"45597_2","45604_4","000696BF5C","HSM0275","200","RM","HSM0136","HSF0137"
"50576_2","BLACK HOOD","M",NA,"39141",NA,"45604_3","44778_6","6960951","HSM0276","200","RM","HSM0137","HSF0138"
"50222_2","ALBINO","M",NA,"39125",NA,"44778_5","47821_3","000696DE35","HSM0277","200","RT","HSM0138","HSF0139B"
"51345_1","ALBINO","M",NA,"39164",NA,"46706_1","44777_1","000695F374","HSM0278","200",NA,"HSM0139","HSF0140"
"51152_1","BROWN AND WHITE","M",NA,"39160",NA,"44777_2","46164_1","000696AC82","HSM0279","200",NA,"HSM0140","HSF0141"
"51160_1","BROWN HOOD","M",NA,"39164",NA,"46164_2","45602_1","000696C3CF","HSM0280","200",NA,"HSM0141","HSF0142"
"50575_2","BROWN AND WHITE","M",NA,"39140",NA,"45602_2","44775_5","000696CF59","HSM0281","200","LT","HSM0142","HSF0143"
"50487_2","BROWN HOOD","M",NA,"39137",NA,"44775_4","46248_1","000696C582","HSM0282","200","LM","HSM0143","HSF0144"
"51505_1","BLACK HOOD","M",NA,"39171",NA,"46248_2","46680_2","000696A924","HSM0283","200",NA,"HSM0144","HSF0145"
"50819_2","BLACK HOOD","M",NA,"39149",NA,"46680_1","48371_1","000696DC9D","HSM0284","200","LM","HSM0145","HSF0146"
"50226_2","BLACK HOOD","M",NA,"39128",NA,"46704_1","46137_1","000696BCAD","HSM0285","200","LB","HSM0146","HSF0101"
"53324_7","BROWN HOOD","F",NA,"39243",NA,"46692_3","49850_3","00068A2BC9","HSF0301","300",NA,"HSM0201","HSF0226B"
"50849_4","BROWN HOOD","F",NA,"39171",NA,"46693_3","46694_4","000696C1F3","HSF0302","300",NA,"HSM0202","HSF0203"
"50849_5","BROWN HOOD","F",NA,"39171",NA,"46693_3","46694_4","00068AD025","HSF0302B","300",NA,"HSM0202","HSF0203"
"50850_4","BROWN AND WHITE","F",NA,"39169",NA,"46694_3","46695_4","000695F581","HSF0303","300",NA,"HSM0203","HSF0204"
"50851_5","BROWN AND WHITE","F",NA,"39169",NA,"46695_3","46696_4","000696CD05","HSF0304","300",NA,"HSM0204","HSF0205"
"50852_4","ALBINO","F",NA,"39171",NA,"46696_3","46697_4","000696AF78","HSF0305","300",NA,"HSM0205","HSF0206"
"50853_8","BLACK HOOD","F",NA,"39171",NA,"46697_3","46698_4","000696D2C5","HSF0306","300",NA,"HSM0206","HSF0207"
"50853_9","BLACK HOOD","F",NA,"39171",NA,"46697_3","46698_4","00068BD608","HSF0306B","300",NA,"HSM0206","HSF0207"
"50854_7","BROWN HOOD","F",NA,"39173",NA,"46698_3","46699_4","000696D834","HSF0307","300",NA,"HSM0207","HSF0208"
"50855_5","BLACK AND WHITE","F",NA,"39171",NA,"46699_3","46700_4","000696149E","HSF0308","300",NA,"HSM0208","HSF0209"
"50855_6","BLACK HOOD","F",NA,"39171",NA,"46699_3","46700_4","00068BAB34","HSF0308B","300",NA,"HSM0208","HSF0209"
"50856_7","BROWN AND WHITE","F",NA,"39173",NA,"46700_3","46701_4","6961216","HSF0309","300",NA,"HSM0209","HSF0210"
"50857_6","BROWN AND WHITE","F",NA,"39173",NA,"46701_3","46702_4","000696AE65","HSF0310","300",NA,"HSM0210","HSF0211"
"50954_5","ALBINO","F",NA,"39176",NA,"46702_3","46703_4","0006961AC7","HSF0311","300",NA,"HSM0211","HSF0212"
"50955_8","BROWN AND WHITE","F",NA,"39176",NA,"46703_3","46969_4","0006961A35","HSF0312","300",NA,"HSM0212","HSF0213"
"509561_0","BLACK AND WHITE","F",NA,"39178",NA,"46969_3","48847_4","000696AFED","HSF0313","300",NA,"HSM0213","HSF0214"
"50957_7","BROWN HOOD","F",NA,"39195",NA,"48847_1","46971_6","6961816","HSF0314","300",NA,"HSM0214","HSF0215"
"50959_4","BROWN HOOD","F",NA,"39176",NA,"46972_3","47130_3","000696BF97","HSF0316","300",NA,"HSM0216","HSF0217"
"50960_2","BLACK & WHITE","F",NA,"39180",NA,"47130_2","47131_4","000696DDB5","HSF0317","300",NA,"HSM0217","HSF0218"
"50960_8","BLACK HOOD","F",NA,"39180",NA,"47130_2","47131_4","000689FF6F","HSF0317B","300",NA,"HSM0217","HSF0218"
"50961_6","BLACK HOOD","F",NA,"39182",NA,"47131_3","47132_2","000696D4AD","HSF0318","300",NA,"HSM0218","HSF0219"
"50962_7","BLACK HOOD","F",NA,"39180",NA,"47132_1","47133_4","00068ADBDF","HSF0319B","300",NA,"HSM0219","HSF0220"
"50963_9","BROWN HOOD","F",NA,"39181",NA,"47133_3","47515_2","000696DFE6","HSF0320","300",NA,"HSM0220","HSF0221"
"509631_0","BLACK HOOD","F",NA,"39181",NA,"47133_3","47515_2","00068BB414","HSF0320B","300",NA,"HSM0220","HSF0221"
"50964_6","ALBINO","F",NA,"39180",NA,"47515_1","47516_4","6960639","HSF0321","300",NA,"HSM0221","HSF0222"
"53325_9","BLACK AND WHITE","F",NA,"39243",NA,"47516_3","50225_3","00068A0E80","HSF0322","300",NA,"HSM0222","HSF0223B"
"51162_8","BLACK & WHITE","F",NA,"39182",NA,"47517_3","47518_4","000696B253","HSF0323","300",NA,"HSM0223","HSF0224"
"51163_7","BROWN HOOD","F",NA,"39185",NA,"47518_3","47519_4","000696132C","HSF0324","300",NA,"HSM0224","HSF0225"
"51164_6","BROWN HOOD","F",NA,"39185",NA,"47519_3","47520_2","00069605DA","HSF0325","300",NA,"HSM0225","HSF0226"
"51165_5","BROWN HOOD","F",NA,"39183",NA,"47520_1","47521_2","000696D882","HSF0326","300",NA,"HSM0226","HSF0227"
"51166_5","BROWN AND WHITE","F",NA,"39182",NA,"47521_1","48844_2","000695F7D5","HSF0327","300",NA,"HSM0227","HSF0228"
"51167_4","ALBINO","F",NA,"39184",NA,"48844_1","48845_3","000696D19B","HSF0328","300",NA,"HSM0228","HSF0229"
"51167_5","BROWN HOOD","F",NA,"39184",NA,"48844_1","48845_3","00068BCC77","HSF0328B","300",NA,"HSM0228","HSF0229"
"51168_7","ALBINO","F",NA,"39210",NA,"48845_1","47522_4","000696C516","HSF0329","300",NA,"HSM0229","HSF0230"
"51169_8","BLACK AND WHITE","F",NA,"39202",NA,"47522_3","47829_4","000696D24B","HSF0330","300",NA,"HSM0230","HSF0231"
"51170_6","BLACK HOOD","F",NA,"39189",NA,"47829_3","47830_4","000696BD65","HSF0331","300",NA,"HSM0231","HSF0232"
"511711_1","BROWN AND WHITE","F",NA,"39187",NA,"47830_3","47831_4","000696B473","HSF0332","300",NA,"HSM0232","HSF0233"
"511711_0","BROWN HOOD","F",NA,"39187",NA,"47830_3","47831_4","00068A1133","HSF0332B","300",NA,"HSM0232","HSF0233"
"51172_7","BLACK HOOD","F",NA,"39189",NA,"47831_3","47832_4","00069604DA","HSF0333","300",NA,"HSM0233","HSF0234"
"51172_8","BROWN AND WHITE","F",NA,"39189",NA,"47831_3","47832_4","00068A0EAB","HSF0333B","300",NA,"HSM0233","HSF0234"
"52839_4","BLACK HOOD","F",NA,"39248",NA,"47832_3","47837_2","00068BC775","HSF0334","300",NA,"HSM0234","HSF0235"
"51913_5","BLACK HOOD","F",NA,"39217",NA,"47837_1","47838_2","000696D9EE","HSF0335","300",NA,"HSM0235","HSF0236"
"51913_6","BLACK AND WHITE","F",NA,"39217",NA,"47837_1","47838_2","00068AC166","HSF0335B","300",NA,"HSM0235","HSF0236"
"51334_6","ALBINO","F",NA,"39192",NA,"47838_1","47839_2","000696C422","HSF0336","300",NA,"HSM0236","HSF0237"
"51335_4","BLACK HOOD","F",NA,"39190",NA,"47839_1","48809_2","000696DDD4","HSF0337","300",NA,"HSM0237","HSF0238"
"513361_0","BROWN HOOD","F",NA,"39192",NA,"48809_1","49938_2","000695FE93","HSF0338","300",NA,"HSM0238","HSF0239"
"51337_8","BROWN AND WHITE","F",NA,"39206",NA,"49938_1","47841_2","000696059F","HSF0339","300",NA,"HSM0239","HSF0240"
"51337_7","BROWN AND WHITE","F",NA,"39206",NA,"49938_1","47841_2","00068AE974","HSF0339B","300",NA,"HSM0239","HSF0240"
"51338_5","BLACK AND WHITE","F",NA,"39196",NA,"47841_1","48004_2","0006962C15","HSF0340","300",NA,"HSM0240","HSF0241"
"51339_7","BLACK HOOD","F",NA,"39206",NA,"48004_1","48005_2","6960216","HSF0341","300",NA,"HSM0241","HSF0242"
"51904_8","BLACK HOOD","F",NA,"39210",NA,"48005_1","48006_2","000696C82D","HSF0342","300",NA,"HSM0242","HSF0243"
"52203_5","BROWN HOOD","F",NA,"39232",NA,"48006_1","48007_2","000696BC9C","HSF0343","300",NA,"HSM0243","HSF0244"
"51342_9","BROWN HOOD","F",NA,"39194",NA,"48007_1","48846_2","0006961D22","HSF0344","300",NA,"HSM0244","HSF0245"
"51343_4","BLACK HOOD","F",NA,"39196",NA,"48846_1","50226_3","000696BEB8","HSF0345","300",NA,"HSM0245","HSF0246"
"513441_0","BLACK AND WHITE","F",NA,"39237",NA,"50226_1","46692_4","6962985","HSF0346","300",NA,"HSM0246","HSF0201"
"513441_1","BLACK HOOD","F",NA,"39237",NA,"50226_1","46692_4","00068A1095","HSF0346B","300",NA,"HSM0246","HSF0201"
"53324_5","BLACK HOOD","M",NA,"39243",NA,"46692_3","49850_3","00068BAC40","HSM0301","300",NA,"HSM0201","HSF0226B"
"53324_6","BROWN HOOD","M",NA,"39243",NA,"46692_3","49850_3","00068BE15E","HSM0301B","300",NA,"HSM0201","HSF0226B"
"50849_3","BROWN HOOD","M",NA,"39171",NA,"46693_3","46694_4","000696B217","HSM0302","300",NA,"HSM0202","HSF0203"
"50850_3","BLACK HOOD","M",NA,"39169",NA,"46694_3","46695_4","000696CDF3","HSM0303","300",NA,"HSM0203","HSF0204"
"50851_1","BLACK AND WHITE","M",NA,"39169",NA,"46695_3","46696_4","000696AF79","HSM0304","300",NA,"HSM0204","HSF0205"
"50852_3","BROWN AND WHITE","M",NA,"39171",NA,"46696_3","46697_4","000696B912","HSM0305","300",NA,"HSM0205","HSF0206"
"50852_2","ALBINO","M",NA,"39171",NA,"46696_3","46697_4","00068A0A07","HSM0305B","300",NA,"HSM0205","HSF0206"
"50853_2","BROWN HOOD","M",NA,"39171",NA,"46697_3","46698_4","000696BC4F","HSM0306","300",NA,"HSM0206","HSF0207"
"50854_4","BLACK HOOD","M",NA,"39173",NA,"46698_3","46699_4","000696BD41","HSM0307","300",NA,"HSM0207","HSF0208"
"50854_5","BROWN HOOD","M",NA,"39173",NA,"46698_3","46699_4","00068BD017","HSM0307B","300",NA,"HSM0207","HSF0208"
"50855_2","BLACK HOOD","M",NA,"39171",NA,"46699_3","46700_4","000696D8C6","HSM0308","300",NA,"HSM0208","HSF0209"
"50856_5","ALBINO","M",NA,"39173",NA,"46700_3","46701_4","000696D08F","HSM0309","300",NA,"HSM0209","HSF0210"
"50857_3","BROWN HOOD","M",NA,"39173",NA,"46701_3","46702_4","000696C875","HSM0310","300",NA,"HSM0210","HSF0211"
"50954_3","BROWN HOOD","M",NA,"39176",NA,"46702_3","46703_4","000696CCCE","HSM0311","300",NA,"HSM0211","HSF0212"
"50955_5","ALBINO","M",NA,"39176",NA,"46703_3","46969_4","000696DF19","HSM0312","300",NA,"HSM0212","HSF0213"
"50956_8","BLACK AND WHITE","M",NA,"39178",NA,"46969_3","48847_4","000696068E","HSM0313","300",NA,"HSM0213","HSF0214"
"50957_5","BLACK AND WHITE","M",NA,"39195",NA,"48847_1","46971_6","000696A65C","HSM0314","300",NA,"HSM0214","HSF0215"
"50958_1","BROWN HOOD","M",NA,"39178",NA,"46971_5","46972_4","000695F68D","HSM0315","300",NA,"HSM0215","HSF0216"
"50959_3","BLACK HOOD","M",NA,"39176",NA,"46972_3","47130_3","000696AA32","HSM0316","300",NA,"HSM0216","HSF0217"
"50959_2","BLACK HOOD","M",NA,"39176",NA,"46972_3","47130_3","00068A2639","HSM0316B","300",NA,"HSM0216","HSF0217"
"50960_1","BLACK HOOD","M",NA,"39180",NA,"47130_2","47131_4","000696DB7F","HSM0317","300",NA,"HSM0217","HSF0218"
"50961_2","BLACK & WHITE","M",NA,"39182",NA,"47131_3","47132_2","000696D39D","HSM0318","300",NA,"HSM0218","HSF0219"
"50961_1","BLACK HOOD","M",NA,"39182",NA,"47131_3","47132_2","00068BD2BC","HSM0318B","300",NA,"HSM0218","HSF0219"
"50962_4","BLACK HOOD","M",NA,"39180",NA,"47132_1","47133_4","000696B261","HSM0319","300",NA,"HSM0219","HSF0220"
"50962_5","BLACK & WHITE","M",NA,"39180",NA,"47132_1","47133_4","00068BCF8A","HSM0319B","300",NA,"HSM0219","HSF0220"
"50963_7","ALBINO","M",NA,"39181",NA,"47133_3","47515_2","000696A798","HSM0320","300",NA,"HSM0220","HSF0221"
"50964_2","BROWN AND WHITE","M",NA,"39180",NA,"47515_1","47516_4","000696DCA6","HSM0321","300",NA,"HSM0221","HSF0222"
"53325_6","BROWN AND WHITE","M",NA,"39243",NA,"47516_3","50225_3","00068BDECD","HSM0322","300",NA,"HSM0222","HSF0223B"
"51162_5","BROWN AND WHITE","M",NA,"39182",NA,"47517_3","47518_4","0006962B62","HSM0323","300",NA,"HSM0223","HSF0224"
"51163_5","BLACK & WHITE","M",NA,"39185",NA,"47518_3","47519_4","000696D0D8","HSM0324","300",NA,"HSM0224","HSF0225"
"51164_5","BLACK HOOD","M",NA,"39185",NA,"47519_3","47520_2","000696D303","HSM0325","300",NA,"HSM0225","HSF0226"
"51165_4","BLACK & WHITE","M",NA,"39183",NA,"47520_1","47521_2","000696BD6D","HSM0326","300",NA,"HSM0226","HSF0227"
"51166_2","BROWN HOOD","M",NA,"39182",NA,"47521_1","48844_2","000695FADB","HSM0327","300",NA,"HSM0227","HSF0228"
"51166_3","BROWN AND WHITE","M",NA,"39182",NA,"47521_1","48844_2","00068A12A1","HSM0327B","300",NA,"HSM0227","HSF0228"
"51167_3","BROWN HOOD","M",NA,"39184",NA,"48844_1","48845_3","000696CC89","HSM0328","300",NA,"HSM0228","HSF0229"
"51168_6","BROWN AND WHITE","M",NA,"39210",NA,"48845_1","47522_4","000696C887","HSM0329","300",NA,"HSM0229","HSF0230"
"51169_5","BLACK AND WHITE","M",NA,"39202",NA,"47522_3","47829_4","00069CD18","HSM0330","300",NA,"HSM0230","HSF0231"
"51170_1","BLACK HOOD","M",NA,"39189",NA,"47829_3","47830_4","000696C32C","HSM0331","300",NA,"HSM0231","HSF0232"
"51170_2","BLACK HOOD","M",NA,"39189",NA,"47829_3","47830_4","00068BD967","HSM0331B","300",NA,"HSM0231","HSF0232"
"51171_9","BROWN AND WHITE","M",NA,"39187",NA,"47830_3","47831_4","000696A8DB","HSM0332","300",NA,"HSM0232","HSF0233"
"51171_8","BROWN HOOD","M",NA,"39187",NA,"47830_3","47831_4","00068BC9C0","HSM0332B","300",NA,"HSM0232","HSF0233"
"51172_6","BROWN HOOD","M",NA,"39189",NA,"47831_3","47832_4","000696A963","HSM0333","300",NA,"HSM0233","HSF0234"
"52839_2","BLACK AND WHITE","M",NA,"39248",NA,"47832_3","47837_2","00068BBF03","HSM0334","300",NA,"HSM0234","HSF0235"
"52839_1","BLACK AND WHITE","M",NA,"39248",NA,"47832_3","47837_2","00068BDD03","HSM0334B","300",NA,"HSM0234","HSF0235"
"51913_4","BLACK AND WHITE","M",NA,"39948",NA,"47837_1","47838_2","000696D4B3","HSM0335","300",NA,"HSM0235","HSF0236"
"51334_4","ALBINO","M",NA,"39192",NA,"47838_1","47839_2","00069602D2","HSM0336","300",NA,"HSM0236","HSF0237"
"51335_2","BROWN HOOD","M",NA,"39190",NA,"47839_1","48809_2","000696AF1A","HSM0337","300",NA,"HSM0237","HSF0238"
"51336_7","ALBINO","M",NA,"39192",NA,"48809_1","49938_2","6960701","HSM0338","300",NA,"HSM0238","HSF0239"
"51336_8","BROWN HOOD","M",NA,"39192",NA,"48809_1","49938_2","00068AE1C0","HSM0338B","300",NA,"HSM0238","HSF0239"
"51337_5","BROWN AND WHITE","M",NA,"39206",NA,"49938_1","47841_2","000696DA93","HSM0339","300",NA,"HSM0239","HSF0240"
"51338_4","BROWN AND WHITE","M",NA,"39196",NA,"47841_1","48004_2","000696D5D4","HSM0340","300",NA,"HSM0240","HSF0241"
"51339_6","BLACK AND WHITE","M",NA,"39206",NA,"48004_1","48005_2","000696CE68","HSM0341","300",NA,"HSM0241","HSF0242"
"51904_5","BROWN AND WHITE","M",NA,"39210",NA,"48005_1","48006_2","000696D969","HSM0342","300",NA,"HSM0242","HSF0243"
"52203_4","BLACK HOOD","M",NA,"39232",NA,"48006_1","48007_2","000696D2A4","HSM0343","300",NA,"HSM0243","HSF0244"
"51342_6","BLACK AND WHITE","M",NA,"39194",NA,"48007_1","48846_2","000696D954","HSM0344","300",NA,"HSM0244","HSF0245"
"51343_3","BLACK HOOD","M",NA,"39196",NA,"48846_1","50226_3","000696C873","HSM0345","300",NA,"HSM0245","HSF0246"
"51343_2","BLACK HOOD","M",NA,"39196",NA,"48846_1","50226_3","00068A17D2","HSM0345B","300",NA,"HSM0245","HSF0246"
"51344_9","BLACK HOOD","M",NA,"39237",NA,"50226_1","46692_4","000696B362","HSM0346","300",NA,"HSM0246","HSF0201"
"50958_3","BROWN AND WHITE","F",NA,"39178",NA,"46971_5","46972_4","00069603B8","HSF0315","300",NA,"HSM0215","HSF0216"
"50962_6","BLACK & WHITE","F",NA,"39180",NA,"47132_1","47133_4","6.9600000000000004E+78","HSF0319","300",NA,"HSM0219","HSF0220"
"56733_2","ALBINO","F",NA,"39412",NA,"53324_6","50849_5","00068A29BC","HSF0401B","400","LB","HSM0301B","HSF0302B"
"57249_2","BROWN HOOD","F",NA,"39404",NA,"50849_3","50850_4","00068A09A4","HSF0402","400","LT","HSM0302","HSF0303"
"57250_2","BROWN","F",NA,"39407",NA,"50850_3","50851_5","00068A27EC","HSF0403","400","RB","HSM0303","HSF0304"
"57251_2","BLACK","F",NA,"39410",NA,"50851_1","50852_4","00068AC5A1","HSF0404","400","RM","HSM0304","HSF0305"
"55979_2","ALBINO","F",NA,"39392",NA,"50852_3","50853_8","00068A1950","HSF0405","400","RM","HSM0305","HSF0306"
"57252_2","BLACK HOOD","F",NA,"39409",NA,"50853_2","50854_7","00068A23A0","HSF0406","400","LB","HSM0306","HSF0307"
"55981_2","BLACK","F",NA,"39396",NA,"50854_4","50855_5","00068A2101","HSF0407","400","RM","HSM0307","HSF0308"
"57223_2","BROWN HOOD","F",NA,"39405",NA,"50856_5","50857_6","00068AC990","HSF0409","400","LB","HSM0309","HSF0310"
"57253_2","BLACK HOOD","F",NA,"39409",NA,"50857_3","50954_5","00068BD8B2","HSF0410","400","RM","HSM0310","HSF0311"
"57254_2","BROWN","F",NA,"39409",NA,"50954_3","50955_8","00068A15A3","HSF0411","400","LT","HSM0311","HSF0312"
"57218_2","BLACK","F",NA,"39406",NA,"50955_5","509561_0","00068BCB73","HSF0412","400","RM","HSM0312","HSF0313"
"56268_2","BROWN HOOD","F",NA,"39389",NA,"50956_8","50957_7","00068A0ADC","HSF0413","400","RM","HSM0313","HSF0314"
"56269_2","BROWN","F",NA,"39388",NA,"50957_5","50958_3","00068AB826","HSF0414","400","RM","HSM0314","HSF0315"
"56270_2","BROWN HOOD","F",NA,"39389",NA,"50958_1","50959_4","00068A113E","HSF0415","400","LT","HSM0315","HSF0316"
"56868_2","BLACK HOOD","F",NA,"39411",NA,"50959_3","50960_2","00068BBA22","HSF0416","400","RM","HSM0316","HSF0317"
"56272_2","BLACK HOOD","F",NA,"39388",NA,"50960_1","50961_6","00068A2C3A","HSF0417","400","LT","HSM0317","HSF0318"
"56871_2","BROWN HOOD","F",NA,"39416",NA,"50961_1","50962_7","00068A04EC","HSF0418B","400","LT","HSM0318B","HSF0319B"
"56872_2","BLACK HOOD","F",NA,"39419",NA,"50962_5","509631_0","00068BD5D0","HSF0419B","400","LB","HSM0319B","HSF0320B"
"56275_2","ALBINO","F",NA,"39388",NA,"50963_7","50964_6","00068A08D4","HSF0420","400","LB","HSM0320","HSF0321"
"56276_2","BROWN","F",NA,"39388",NA,"50964_2","53325_9","00068A04FC","HSF0421","400","RM","HSM0321","HSF0322"
"56277_2","BROWN HOOD","F",NA,"39388",NA,"53325_6","51162_8","00068A240B","HSF0422","400","LT","HSM0322","HSF0323"
"57256_2","BROWN HOOD","F",NA,"39410",NA,"51162_5","51163_7","00068BC712","HSF0423","400","LT","HSM0323","HSF0324"
"56279_2","BLACK","F",NA,"39389",NA,"51163_5","51164_6","00068BBDF1","HSF0424","400","LB","HSM0324","HSF0325"
"56322_2","ALBINO","F",NA,"39396",NA,"51164_5","51165_5","00068ADA8E","HSF0425","400","LT","HSM0325","HSF0326"
"56323_2","ALBINO","F",NA,"39393",NA,"51165_4","51166_5","00068AB73D","HSF0426","400","LT","HSM0326","HSF0327"
"56986_2","BROWN HOOD","F",NA,"39421",NA,"51166_3","51167_5","00068A26BA","HSF0427B","400","RM","HSM0327B","HSF0328B"
"56325_2","BROWN HOOD","F",NA,"39393",NA,"51167_3","51168_7","00068A23CD","HSF0428","400","LB","HSM0328","HSF0329"
"56326_2","BROWN","F",NA,"39395",NA,"51168_6","51169_8","00068A185B","HSF0429","400","LB","HSM0329","HSF0330"
"56327_2","BLACK","F",NA,"39395",NA,"51169_5","51170_6","00068BC538","HSF0430","400","RM","HSM0330","HSF0331"
"56991_2","BROWN HOOD","F",NA,"39419",NA,"51170_1","511711_1","00068A2234","HSF0431","400","LT","HSM0331","HSF0332"
"56329_2","BROWN","F",NA,"39409",NA,"51171_9","51172_7","00068A2600","HSF0432","400","LB","HSM0332","HSF0333"
"56330_2","BROWN HOOD","F",NA,"39393",NA,"51172_6","52839_4","00068BBD47","HSF0433","400","RM","HSM0333","HSF0334"
"56331_2","BLACK","F",NA,"39411",NA,"52839_2","51913_5","00068BC07C","HSF0434","400","LT","HSM0334","HSF0335"
"56332_2","BLACK","F",NA,"39393",NA,"51913_4","51334_6","00068BCFD4","HSF0435","400","LT","HSM0335","HSF0336"
"56333_2","BLACK HOOD","F",NA,"39396",NA,"51334_4","51335_4","00068A2379","HSF0436","400","LB","HSM0336","HSF0337"
"56524_2","BROWN HOOD","F",NA,"39401",NA,"51335_2","513361_0","00068A1300","HSF0437","400","LT","HSM0337","HSF0338"
"57215_2","BROWN","F",NA,"39442",NA,"51336_8","51337_7","00068A2806","HSF0438B","400","RM","HSM0338B","HSF0339B"
"56526_2","BROWN","F",NA,"39401",NA,"51337_5","51338_5","00068A2122","HSF0439","400","LB","HSM0339","HSF0340"
"56527_2","BROWN","F",NA,"39403",NA,"51338_4","51339_7","00068BD974","HSF0440","400","RM","HSM0340","HSF0341"
"56528_2","ALBINO","F",NA,"39401",NA,"51339_6","51904_8","00068A29B1","HSF0441","400","RM","HSM0341","HSF0342"
"56529_2","BLACK HOOD","F",NA,"39401",NA,"51904_5","52203_5","00068BD8E2","HSF0442","400","LT","HSM0342","HSF0343"
"56530_2","BLACK HOOD","F",NA,"39401",NA,"52203_4","51342_9","00068A111B","HSF0443","400","LB","HSM0343","HSF0344"
"56531_2","BLACK","F",NA,"39401",NA,"51342_6","51343_4","00068BD453","HSF0444","400","RM","HSM0344","HSF0345"
"56532_2","BLACK","F",NA,"39413",NA,"51343_3","513441_0","00068A329E","HSF0445","400","RM","HSM0345","HSF0346"
"56533_2","BROWN HOOD","F",NA,"39401",NA,"51344_9","53324_7","00068BBC6D","HSF0446","400","RM","HSM0346","HSF0301"
"56733_1","BLACK HOOD","M",NA,"39412",NA,"53324_6","50849_5","00068A0AD3","HSM0401B","400","LM","HSM0301B","HSF0302B"
"57249_1","BLACK HOOD","M",NA,"39404",NA,"50849_3","50850_4","00068BBE28","HSM0402","400","RB","HSM0302","HSF0303"
"57250_1","BLACK HOOD","M",NA,"39407",NA,"50850_3","50851_5","00068A01DF","HSM0403","400","LT","HSM0303","HSF0304"
"57251_1","BLACK HOOD","M",NA,"39410",NA,"50851_1","50852_4","00068BC167","HSM0404","400","RT","HSM0304","HSF0305"
"55979_1","BLACK","M",NA,"39392",NA,"50852_3","50853_8","00068A190D","HSM0405","400","RT","HSM0305","HSF0306"
"57252_1","BROWN HOOD","M",NA,"39409",NA,"50853_2","50854_7","00068BB1A8","HSM0406","400","LM","HSM0306","HSF0307"
"55981_1","BLACK HOOD","M",NA,"39396",NA,"50854_4","50855_5","00068A2B26","HSM0407","400","RT","HSM0307","HSF0308"
"57223_1","ALBINO","M",NA,"39405",NA,"50856_5","50857_6","00068BD876","HSM0409","400","LM","HSM0309","HSF0310"
"57253_1","ALBINO","M",NA,"39409",NA,"50857_3","50954_5","00068A0D62","HSM0410","400","RT","HSM0310","HSF0311"
"57254_1","BROWN HOOD","M",NA,"39409",NA,"50954_3","50955_8","00068A088B","HSM0411","400","RB","HSM0311","HSF0312"
"57218_1","ALBINO","M",NA,"39406",NA,"50955_5","509561_0","00068A3440","HSM0412","400","RT","HSM0312","HSF0313"
"56268_1","BROWN HOOD","M",NA,"39389",NA,"50956_8","50957_7","00068ADF6B","HSM0413","400","RT","HSM0313","HSF0314"
"56269_1","BLACK HOOD","M",NA,"39388",NA,"50958_1","50958_3","00068A3A02","HSM0414","400","RT","HSM0315","HSF0315"
"56270_1","BROWN HOOD","M",NA,"39389",NA,"50958_1","50959_4","00068A32B7","HSM0415","400","RB","HSM0315","HSF0316"
"56868_1","ALBINO","M",NA,"39411",NA,"50959_3","50960_2","00068A2BAC","HSM0416","400","RT","HSM0316","HSF0317"
"56272_1","BLACK HOOD","M",NA,"39388",NA,"50960_1","50961_6","00068A0B04","HSM0417","400","RB","HSM0317","HSF0318"
"56871_1","BLACK HOOD","M",NA,"39416",NA,"50961_1","50962_7","00068BD1CB","HSM0418B","400","RB","HSM0318B","HSF0319B"
"56872_1","BLACK","M",NA,"39419",NA,"50962_5","509631_0","00068BB80A","HSM0419B","400","LM","HSM0319B","HSF0320B"
"56275_1","ALBINO","M",NA,"39388",NA,"50963_7","50964_6","00068BD1D1","HSM0420","400","LM","HSM0320","HSF0321"
"58046_1","BROWN","M",NA,"39410",NA,"53325_6","51162_8","00068BC2BE","HSM0422","400","RT","HSM0322","HSF0323"
"57256_1","BROWN","M",NA,"39410",NA,"51162_5","51163_7","00068A2D3B","HSM0423","400","RB","HSM0323","HSF0324"
"56279_1","BROWN","M",NA,"39389",NA,"51163_5","51164_6","00068A18F4","HSM0424","400","LM","HSM0324","HSF0325"
"56322_1","BLACK HOOD","M",NA,"39396",NA,"51164_5","51165_5","00068BB8C2","HSM0425","400","RB","HSM0325","HSF0326"
"56323_1","BLACK","M",NA,"39393",NA,"51165_4","51166_5","00068A1750","HSM0426","400","RB","HSM0326","HSF0327"
"56986_1","BROWN","M",NA,"39421",NA,"51166_3","51167_5","00068A3494","HSM0427B","400","RT","HSM0327B","HSF0328B"
"56325_1","BLACK HOOD","M",NA,"39393",NA,"51167_3","51168_7","00068BE155","HSM0428","400","LM","HSM0328","HSF0329"
"56326_1","BROWN HOOD","M",NA,"39395",NA,"51168_6","51169_8","00068A17DB","HSM0429","400","LM","HSM0329","HSF0330"
"56327_1","BLACK","M",NA,"39395",NA,"51169_5","51170_6","00068A2E29","HSM0430","400","RT","HSM0330","HSF0331"
"56991_1","BROWN","M",NA,"39419",NA,"51170_1","511711_1","00068A289C","HSM0431","400","RB","HSM0331","HSF0332"
"56329_1","BLACK","M",NA,"39409",NA,"51171_9","51172_7","00068BD6C6","HSM0432","400","LM","HSM0332","HSF0333"
"56330_1","BLACK HOOD","M",NA,"39393",NA,"51172_6","52839_4","00068ACB0F","HSM0433","400","RT","HSM0333","HSF0334"
"56331_1","BLACK HOOD","M",NA,"39411",NA,"52839_2","51913_5","00068A1914","HSM0434","400","RB","HSM0334","HSF0335"
"56332_1","BLACK","M",NA,"39393",NA,"51913_4","51334_6","00068A14EF","HSM0435","400","RB","HSM0335","HSF0336"
"56333_1","ALBINO","M",NA,"39396",NA,"51334_4","51335_4","00068A378B","HSM0436","400","LM","HSM0336","HSF0337"
"56524_1","BROWN HOOD","M",NA,"39401",NA,"51335_2","513361_0","00068BB906","HSM0437","400","RB","HSM0337","HSF0338"
"57215_1","BROWN HOOD","M",NA,"39442",NA,"51336_8","51337_7","00068A157E","HSM0438B","400","RT","HSM0338B","HSF0339B"
"56526_1","BLACK","M",NA,"39401",NA,"51337_5","51338_5","00068BC60D","HSM0439","400","LM","HSM0339","HSF0340"
"56527_1","ALBINO","M",NA,"39403",NA,"51338_4","51339_7","00068A1B4C","HSM0440","400","RT","HSM0340","HSF0341"
"56528_1","BLACK","M",NA,"39401",NA,"51339_6","51904_8","00068A043C","HSM0441","400","RT","HSM0341","HSF0342"
"56529_1","BROWN","M",NA,"39401",NA,"51904_5","52203_5","00068A1AF2","HSM0442","400","RB","HSM0342","HSF0343"
"56530_1","BROWN HOOD","M",NA,"39401",NA,"52203_4","51342_9","00068A204B","HSM0443","400","LM","HSM0343","HSF0344"
"56531_1","BLACK HOOD","M",NA,"39401",NA,"51342_6","51343_4","00068A146D","HSM0444","400","RT","HSM0344","HSF0345"
"56532_1","BLACK HOOD","M",NA,"39413",NA,"51343_3","513441_0","00068BA8AE","HSM0445","400","RT","HSM0345","HSF0346"
"56533_1","BROWN HOOD","M",NA,"39401",NA,"51344_9","53324_7","00068BCB8D","HSM0446","400","RT","HSM0346","HSF0301"
"57563_1","BROWN","M",NA,"39411",NA,"50855_2","50856_7","00068A3C70","HSM0408","400","LM","HSM0308","HSF0309"
"56276_1","BLACK","M",NA,"39388",NA,"50964_2","53325_9","00068A23E5","HSM0421","400","RT","HSM0321","HSF0322"
"57563_2","BROWN HOOD","F",NA,"39411",NA,"50855_2","50856_7","00068A22C7","HSF0408","400","LB","HSM0308","HSF0309"
"57918_2","BROWN HOOD","F",NA,"39493",NA,"56733_1","57249_2","0006CBB049","HSF0501","500","RT","HSM0401B","HSF0402"
"60207_2","BROWN HOOD","F",NA,"39501",NA,"57249_1","57250_2","0006CBA074","HSF0502","500","RM","HSM0402","HSF0403"
"57910_2","BLACK HOOD","F",NA,"39490",NA,"57250_1","57251_2","0006C67FD5","HSF0503","500","LT","HSM0403","HSF0404"
"57909_2","ALBINO","F",NA,"39509",NA,"57251_1","55979_2","0006C67131","HSF0504","500","LT","HSM0404","HSF0405"
"57807_2","BLACK","F",NA,"39476",NA,"55979_1","57252_2","0006C66C85","HSF0505","500","RB","HSM0405","HSF0406"
"57806_2","BROWN HOOD","F",NA,"39490",NA,"57252_1","55981_2","0006CBBACF","HSF0506","500","LB","HSM0406","HSF0407"
"57913_2","BLACK HOOD","F",NA,"39482",NA,"55981_1","57563_2","0006CB935D","HSF0507","500","LT","HSM0407","HSF0408"
"57912_2","BLACK HOOD","F",NA,"39486",NA,"57563_1","57223_2","0006C6584E","HSF0508","500","RM","HSM0408","HSF0409"
"62298_2","BROWN HOOD","F",NA,"39569",NA,"57563_1","57223_2","0006C65C0C","HSF0508B","500","LT","HSM0408","HSF0409"
"57809_2","ALBINO","F",NA,"39490",NA,"57223_1","57253_2","0006CBA7B7","HSF0509","500","RM","HSM0409","HSF0410"
"57810_2","ALBINO","F",NA,"39496",NA,"57253_1","57254_2","0006CBA5C9","HSF0510","500","RM","HSM0410","HSF0411"
"59962_2","BROWN","F",NA,"39495",NA,"57254_1","57218_2","0006C69002","HSF0511","500","LT","HSM0411","HSF0412"
"57748_2","BLACK","F",NA,"39493",NA,"57218_1","56268_2","0006C67022","HSF0512","500","LM","HSM0412","HSF0413"
"57257_2","BROWN HOOD","F",NA,"39476",NA,"56268_1","56269_2","0006CBC128","HSF0513","500","LM","HSM0413","HSF0414"
"59961_2","BROWN HOOD","F",NA,"39491",NA,"56269_1","56270_2","0006C67D1B","HSF0514","500","RB","HSM0414","HSF0415"
"57915_2","BLACK HOOD","F",NA,"39465",NA,"56270_1","56868_2","0006CB8BB1","HSF0515","500","RT","HSM0415","HSF0416"
"57914_2","BLACK HOOD","F",NA,"39498",NA,"56868_1","56272_2","0006CBB2AC","HSF0516","500","LB","HSM0416","HSF0417"
"58041_2","BLACK HOOD","F",NA,"39472",NA,"56272_1","56871_2","0006C68444","HSF0517","500","LT","HSM0417","HSF0418B"
"58096_2","BLACK HOOD","F",NA,"39508",NA,"56871_1","56872_2","0006CB9829","HSF0518","500","LM","HSM0418B","HSF0419B"
"58095_2","BLACK","F",NA,"39517",NA,"56872_1","56275_2","0006CB9CF4","HSF0519","500","RB","HSM0419B","HSF0420"
"57241_2","ALBINO","F",NA,"39472",NA,"56275_1","56276_2","0006CBBB30","HSF0520","500","RT","HSM0420","HSF0421"
"57242_2","BLACK","F",NA,"39464",NA,"56276_1","56277_2","0006C664B2","HSF0521","500","RM","HSM0421","HSF0422"
"57911_2","BLACK","F",NA,"39498",NA,"57256_1","56279_2","0006CB8FB7","HSF0523","500","RM","HSM0423","HSF0424"
"57462_2","BROWN","F",NA,"39476",NA,"56279_1","56322_2","0006CB9EE5","HSF0524","500","RT","HSM0424","HSF0425"
"57604_2","BLACK HOOD","F",NA,"39488",NA,"56322_1","56323_2","0006C66D06","HSF0525","500","LT","HSM0425","HSF0426"
"58098_2","BROWN","F",NA,"39475",NA,"56323_1","56986_2","0006C679A4","HSF0526","500","RM","HSM0426","HSF0427B"
"58097_2","BROWN","F",NA,"39506",NA,"56986_1","56325_2","0006CBB931","HSF0527","500","RB","HSM0427B","HSF0428"
"57461_2","BLACK","F",NA,"39475",NA,"56325_1","56326_2","0006CBBEDF","HSF0528","500","LT","HSM0428","HSF0429"
"57460_2","BLACK HOOD","F",NA,"39482",NA,"56326_1","56327_2","0006C65D81","HSF0529","500","LT","HSM0429","HSF0430"
"58101_2","BLACK HOOD","F",NA,"39475",NA,"56327_1","56991_2","0006CBB769","HSF0530","500","LB","HSM0430","HSF0431"
"57811_2","BLACK","F",NA,"39522",NA,"56329_1","56330_2","0006C65FD5","HSF0532","500","LT","HSM0432","HSF0433"
"57917_2","ALBINO","F",NA,"39478",NA,"56330_1","56331_2","0006C67E81","HSF0533","500","RM","HSM0433","HSF0434"
"57916_2","BLACK HOOD","F",NA,"39503",NA,"56331_1","56332_2","0006C66BC1","HSF0534","500","LM","HSM0434","HSF0435"
"57463_2","BLACK","F",NA,"39490",NA,"56332_1","56333_2","0006CBA560","HSF0535","500","LT","HSM0435","HSF0436"
"57635_2","BROWN HOOD","F",NA,"39493",NA,"56333_1","56524_2","0006C66889","HSF0536","500","RB","HSM0436","HSF0437"
"58688_2","BROWN","F",NA,"39501",NA,"56524_1","57215_2","0006C659D7","HSF0537","500","RT","HSM0437","HSF0438B"
"58687_2","BROWN","F",NA,"39533",NA,"57215_1","56526_2","0006CBA52C","HSF0538","500","RB","HSM0438B","HSF0439"
"57637_2","BLACK","F",NA,"39484",NA,"56526_1","56527_2","0006C6684F","HSF0539","500","RB","HSM0439","HSF0440"
"57636_2","ALBINO","F",NA,"39488",NA,"56527_1","56528_2","0006C667C4","HSF0540","500","RM","HSM0440","HSF0441"
"57605_2","BLACK","F",NA,"39485",NA,"56528_1","56529_2","0006CBB4DB","HSF0541","500","LT","HSM0441","HSF0442"
"57606_2","BROWN","F",NA,"39486",NA,"56529_1","56530_2","0006CB94A1","HSF0542","500","LT","HSM0442","HSF0443"
"57607_2","BLACK","F",NA,"39493",NA,"56530_1","56531_2","0006C66435","HSF0543","500","LM","HSM0443","HSF0444"
"57921_2","BLACK","F",NA,"39482",NA,"56531_1","56532_2","0006CBB743","HSF0544","500","RB","HSM0444","HSF0445"
"62325_2","BLACK","F",NA,"39583",NA,"56531_1","56532_2","0006E177D7","HSF0544B","500","LM","HSM0444","HSF0445"
"57920_2","BLACK HOOD","F",NA,"39520",NA,"56532_1","56533_2","0006CBB07C","HSF0545","500","LB","HSM0445","HSF0446"
"57919_2","ALBINO","F",NA,"39486",NA,"56533_1","56733_2","0006C669C3","HSF0546","500","RM","HSM0446","HSF0401B"
"57918_1","BROWN HOOD","M",NA,"39493",NA,"56733_1","57249_2","0006CBBC22","HSM0501","500","LB","HSM0401B","HSF0402"
"57749_1","BROWN HOOD","M",NA,"39476",NA,"57249_1","57250_2","0006C689B2","HSM0502","500","RT","HSM0402","HSF0403"
"57910_1","BLACK HOOD","M",NA,"39490",NA,"57250_1","57251_2","0006CBA016","HSM0503","500","RB","HSM0403","HSF0404"
"57909_1","ALBINO","M",NA,"39509",NA,"57251_1","55979_2","0006C65C31","HSM0504","500","RT","HSM0404","HSF0405"
"57807_1","BLACK","M",NA,"39476",NA,"55979_1","57252_2","0006CBA874","HSM0505","500","RM","HSM0405","HSF0406"
"57806_1","BLACK","M",NA,"39490",NA,"57252_1","55981_2","0006CBB063","HSM0506","500","LM","HSM0406","HSF0407"
"57913_1","BROWN HOOD","M",NA,"39482",NA,"55981_1","57563_2","0006C66920","HSM0507","500","RB","HSM0407","HSF0408"
"57912_1","BROWN","M",NA,"39486",NA,"57563_1","57223_2","0006C690DC","HSM0508","500","RT","HSM0408","HSF0409"
"62298_1","BROWN","M",NA,"39569",NA,"57563_1","57223_2","0006CBA124","HSM0508B","500","RT","HSM0408","HSF0409"
"57809_1","BROWN HOOD","M",NA,"39490",NA,"57223_1","57253_2","0006C6782C","HSM0509","500","RT","HSM0409","HSF0410"
"57810_1","BROWN HOOD","M",NA,"39496",NA,"57253_1","57254_2","0006CB9613","HSM0510","500","RT","HSM0410","HSF0411"
"59962_1","ALBINO","M",NA,"39495",NA,"57254_1","57218_2","0006C67109","HSM0511","500","RB","HSM0411","HSF0412"
"57748_1","BROWN HOOD","M",NA,"39493",NA,"57218_1","56268_2","0006CB941C","HSM0512","500","LT","HSM0412","HSF0413"
"57257_1","BROWN","M",NA,"39476",NA,"56268_1","56269_2","0006CBAA7D","HSM0513","500","LT","HSM0413","HSF0414"
"59961_1","BROWN HOOD","M",NA,"39491",NA,"56269_1","56270_2","0006C66F93","HSM0514","500","RM","HSM0414","HSF0415"
"60208_1","BLACK HOOD","M",NA,"39503",NA,"56270_1","56868_2","0006CBAC75","HSM0515","500","RB","HSM0415","HSF0416"
"57914_1","BLACK HOOD","M",NA,"39498",NA,"56868_1","56272_2","0006CBB939","HSM0516","500","LM","HSM0416","HSF0417"
"58041_1","BLACK HOOD","M",NA,"39472",NA,"56272_1","56871_2","0006C6884F","HSM0517","500","RB","HSM0417","HSF0418B"
"58096_1","BLACK HOOD","M",NA,"39508",NA,"56871_1","56872_2","0006C685B1","HSM0518","500","RM","HSM0418B","HSF0419B"
"58095_1","BROWN","M",NA,"39517",NA,"56872_1","56275_2","0006CBA704","HSM0519","500","RB","HSM0419B","HSF0420"
"57241_1","BROWN","M",NA,"39472",NA,"56275_1","56276_2","0006C65B62","HSM0520","500","LM","HSM0420","HSF0421"
"57242_1","BROWN","M",NA,"39464",NA,"56276_1","56277_2","0006C68BF1","HSM0521","500","RB","HSM0421","HSF0422"
"57911_1","BROWN","M",NA,"39498",NA,"57256_1","56279_2","0006C66334","HSM0523","500","RT","HSM0423","HSF0424"
"57462_1","ALBINO","M",NA,"39476",NA,"56279_1","56322_2","0006CBABF6","HSM0524","500","LB","HSM0424","HSF0425"
"57604_1","BLACK HOOD","M",NA,"39488",NA,"56322_1","56323_2","0006CB8A4C","HSM0525","500","RB","HSM0425","HSF0426"
"58098_1","ALBINO","M",NA,"39475",NA,"56323_1","56986_2","0006CBA3A0","HSM0526","500","RT","HSM0426","HSF0427B"
"58097_1","ALBINO","M",NA,"39506",NA,"56986_1","56325_2","0006C6894D","HSM0527","500","RT","HSM0427B","HSF0428"
"57461_1","BROWN","M",NA,"39475",NA,"56325_1","56326_2","0006C6825B","HSM0528","500","RB","HSM0428","HSF0429"
"57460_1","BLACK","M",NA,"39482",NA,"56326_1","56327_2","0006C66079","HSM0529","500","RB","HSM0429","HSF0430"
"58101_1","BROWN HOOD","M",NA,"39475",NA,"56327_1","56991_2","0006C67339","HSM0530","500","LM","HSM0430","HSF0431"
"57811_1","BROWN HOOD","M",NA,"39522",NA,"56329_1","56330_2","0006CBB017","HSM0532","500","RB","HSM0432","HSF0433"
"57917_1","BLACK","M",NA,"39478",NA,"56330_1","56331_2","0006CB9DA8","HSM0533","500","RT","HSM0433","HSF0434"
"57916_1","BLACK","M",NA,"39503",NA,"56331_1","56332_2","0006CBAEEC","HSM0534","500","LT","HSM0434","HSF0435"
"57463_1","BLACK HOOD","M",NA,"39490",NA,"56332_1","56333_2","0006CB9731","HSM0535","500","RB","HSM0435","HSF0436"
"57635_1","ALBINO","M",NA,"39493",NA,"56333_1","56524_2","0006CB99FF","HSM0536","500","RM","HSM0436","HSF0437"
"58688_1","BROWN","M",NA,"39501",NA,"56524_1","57215_2","0006C66E0B","HSM0537","500","LB","HSM0437","HSF0438B"
"58687_1","BROWN","M",NA,"39533",NA,"57215_1","56526_2","0006C6682F","HSM0538","500","RM","HSM0438B","HSF0439"
"57637_1","BROWN","M",NA,"39484",NA,"56526_1","56527_2","0006C67C18","HSM0539","500","RM","HSM0439","HSF0440"
"57636_1","ALBINO","M",NA,"39488",NA,"56527_1","56528_2","0006CBB7C8","HSM0540","500","RT","HSM0440","HSF0441"
"57605_1","BLACK HOOD","M",NA,"39485",NA,"56528_1","56529_2","0006CB9BAF","HSM0541","500","RT","HSM0441","HSF0442"
"57606_1","BLACK","M",NA,"39486",NA,"56529_1","56530_2","0006CBA971","HSM0542","500","RB","HSM0442","HSF0443"
"57607_1","BLACK HOOD","M",NA,"39493",NA,"56530_1","56531_2","0006C6719B","HSM0543","500","LT","HSM0443","HSF0444"
"57921_1","BLACK HOOD","M",NA,"39482",NA,"56531_1","56532_2","0006CABEFB","HSM0544","500","RM","HSM0444","HSF0445"
"57920_1","BLACK HOOD","M",NA,"39520",NA,"56532_1","56533_2","0006CB8D7E","HSM0545","500","LM","HSM0445","HSF0446"
"57919_1","BROWN HOOD","M",NA,"39486",NA,"56533_1","56733_2","0006CB8F34","HSM0546","500","RT","HSM0446","HSF0401B"
"58527_1","BROWN","M",NA,"39524",NA,"58046_1","57256_2","0006C66A31","HSM0522","500","RT","HSM0422","HSF0423"
"58527_2","BROWN HOOD","F",NA,"39524",NA,"58046_1","57256_2","0006C66E10","HSF0522","500","RM","HSM0422","HSF0423"
"62463_2","BLACK","F",NA,"39650",NA,"56528_1","56529_2","0006DF8AF9","HSF0541B","500","RT","HSM0441","HSF0442"
"62350_2","BROWN HOOD","F",NA,"44017",NA,"57918_1","60207_2","18","HSF0601","600","RB","HSM0501","HSF0502"
"62351_2","BLACK HOOD","F",NA,"44027",NA,"57749_1","57910_2","36","HSF0602","600","LM","HSM0502","HSF0503"
"62352_2","ALBINO","F",NA,"44033",NA,"57910_1","57909_2","61","HSF0603","600","LT","HSM0503","HSF0504"
"62353_2","BROWN HOOD","F",NA,"44015",NA,"57909_1","57807_2","6","HSF0604","600","RB","HSM0504","HSF0505"
"62354_2","BLACK","F",NA,"44016",NA,"57807_1","57806_2","12","HSF0605","600","RT","HSM0505","HSF0506"
"62355_2","BLACK HOOD","F",NA,"44027",NA,"57806_1","57913_2","38","HSF0606","600","LB","HSM0506","HSF0507"
"62356_2","BROWN HOOD","F",NA,"44016",NA,"57913_1","57912_2","14","HSF0607","600","RB","HSM0507","HSF0508"
"62357_2","BROWN","F",NA,"44015",NA,"57912_1","57809_2","8","HSF0608","600","LM","HSM0508","HSF0509"
"62358_2","BROWN","F",NA,"44015",NA,"57809_1","57810_2","10","HSF0609","600","RB","HSM0509","HSF0510"
"62359_2","BROWN HOOD","F",NA,"44028",NA,"57810_1","59962_2","47","HSF0610","600","LT","HSM0510","HSF0511"
"62360_2","BROWN","F",NA,"44013",NA,"59962_1","57748_2","2","HSF0611","600","RM","HSM0511","HSF0512"
"62361_2","ALBINO","F",NA,"44016",NA,"57748_1","57257_2","16","HSF0612","600","RM","HSM0512","HSF0513"
"62383_2","BROWN HOOD","F",NA,"44039",NA,"57257_1","59961_2","78","HSF0613","600","LB","HSM0513","HSF0514"
"62384_2","BLACK HOOD","F",NA,"44025",NA,"59961_1","57915_2","3","HSF0614","600","LM","HSM0514","HSF0515"
"62385_2","BLACK HOOD","F",NA,"44021",NA,"60208_1","57914_2","20","HSF0615","600","LT","HSM0515","HSF0516"
"62386_2","ALBINO","F",NA,"44023",NA,"57914_1","58041_2","22","HSF0616","600","LB","HSM0516","HSF0517"
"62387_2","BLACK HOOD","F",NA,"44023",NA,"58041_1","58096_2","24","HSF0617","600","LT","HSM0517","HSF0518"
"62388_2","ALBINO","F",NA,"44027",NA,"58096_1","58095_2","40","HSF0618","600","LT","HSM0518","HSF0519"
"62389_2","BROWN","F",NA,"44027",NA,"58095_1","57241_2","42","HSF0619","600","LM","HSM0519","HSF0520"
"62390_2","ALBINO","F",NA,"44025",NA,"57241_1","57242_2","32","HSF0620","600","LB","HSM0520","HSF0521"
"62822_2","BROWN","F",NA,"43874",NA,"57241_1","57242_2","175","HSF0620B","600","RB","HSM0520","HSF0521"
"62391_2","BROWN HOOD","F",NA,"44014",NA,"57242_1","58527_2","30","HSF0621","600","LT","HSM0521","HSF0522"
"62827_2","BROWN HOOD","F",NA,"43874",NA,"57242_1","58527_2","176","HSF0621B","600","RT","HSM0521","HSF0522"
"62392_2","BROWN","F",NA,"44026",NA,"58527_1","57911_2","34","HSF0622","600","LT","HSM0522","HSF0523"
"62393_2","BROWN","F",NA,"44023",NA,"57911_1","57462_2","26","HSF0623","600","LM","HSM0523","HSF0524"
"62394_2","ALBINO","F",NA,"44023",NA,"57462_1","57604_2","28","HSF0624","600","LB","HSM0524","HSF0525"
"62395_2","BLACK HOOD","F",NA,"44027",NA,"57604_1","58098_2","44","HSF0625","600","LB","HSM0525","HSF0526"
"62396_2","ALBINO","F",NA,"44047",NA,"58098_1","58097_2","82","HSF0626","600","LM","HSM0526","HSF0527"
"62397_2","BLACK","F",NA,"44033",NA,"58097_1","57461_2","63","HSF0627","600","LM","HSM0527","HSF0528"
"62398_2","BROWN","F",NA,"44030",NA,"57461_1","57460_2","57","HSF0628","600","LB","HSM0528","HSF0529"
"62550_2","BLACK","F",NA,"44082",NA,"57460_1","58101_2","92","HSF0629","600","LT","HSM0529","HSF0530"
"62400_2","BROWN HOOD","F",NA,"44035",NA,"58101_1","62298_2","65","HSF0630","600","LB","HSM0530","HSF0508B"
"62401_2","BROWN HOOD","F",NA,"44030",NA,"62298_1","57811_2","59","HSF0631","600","LT","HSM0508B","HSF0532"
"62402_2","BLACK HOOD","F",NA,"44028",NA,"57811_1","57917_2","49","HSF0632","600","LM","HSM0532","HSF0533"
"62574_2","BLACK HOOD","F",NA,"44093",NA,"57917_1","57916_2","96","HSF0633","600","LB","HSM0533","HSF0534"
"62404_2","BLACK","F",NA,"44028",NA,"57916_1","57463_2","51","HSF0634","600","LB","HSM0534","HSF0535"
"62405_2","BROWN HOOD","F",NA,"44028",NA,"57463_1","57635_2","53","HSF0635","600","LT","HSM0535","HSF0536"
"62841_2","ALBINO","F",NA,"43883",NA,"57463_1","57635_2","191","HSF0635B","600","RB","HSM0535","HSF0536"
"62406_2","BROWN","F",NA,"44028",NA,"57635_1","58688_2","55","HSF0636","600","LM","HSM0536","HSF0537"
"62418_2","BROWN HOOD","F",NA,"44035",NA,"58688_1","58687_2","68","HSF0637","600","LT","HSM0537","HSF0538"
"62554_2","BROWN","F",NA,"44082",NA,"58687_1","57637_2","94","HSF0638","600","LM","HSM0538","HSF0539"
"62420_2","BROWN","F",NA,"44036",NA,"57637_1","57636_2","70","HSF0639","600","LM","HSM0539","HSF0540"
"62802_2","BLACK HOOD","F",NA,"43860",NA,"57637_1","57636_2","124","HSF0639B","600","RT","HSM0539","HSF0540"
"62567_2","ALBINO","F",NA,"44098",NA,"57636_1","62463_2","98","HSF0640","600","LT","HSM0540","HSF0541B"
"62422_2","BLACK HOOD","F",NA,"44037",NA,"57605_1","57606_2","76","HSF0641","600","LM","HSM0541","HSF0542"
"62423_2","BLACK","F",NA,"44040",NA,"57606_1","57607_2","80","HSF0642","600","LT","HSM0542","HSF0543"
"62517_2","BLACK HOOD","F",NA,"44058",NA,"57607_1","57921_2","84","HSF0643","600","LB","HSM0543","HSF0544"
"62425_2","BLACK HOOD","F",NA,"44059",NA,"57921_1","57920_2","86","HSF0644","600","LT","HSM0544","HSF0545"
"62426_2","BROWN HOOD","F",NA,"44036",NA,"57920_1","57919_2","72","HSF0645","600","LB","HSM0545","HSF0546"
"62427_2","ALBINO","F",NA,"44037",NA,"57919_1","57918_2","74","HSF0646","600","LT","HSM0546","HSF0501"
"62350_1","BLACK HOOD","M",NA,"44017",NA,"57918_1","60207_2","17","HSM0601","600","LB","HSM0501","HSF0502"
"62351_1","BROWN HOOD","M",NA,"44027",NA,"57749_1","57910_2","35","HSM0602","600","RM","HSM0502","HSF0503"
"62352_1","BLACK HOOD","M",NA,"44033",NA,"57910_1","57909_2","60","HSM0603","600","RT","HSM0503","HSF0504"
"62353_1","BLACK HOOD","M",NA,"44015",NA,"57909_1","57807_2","5","HSM0604","600","RM","HSM0504","HSF0505"
"62354_1","BLACK HOOD","M",NA,"44016",NA,"57807_1","57806_2","11","HSM0605","600","LT","HSM0505","HSF0506"
"62355_1","BLACK HOOD","M",NA,"44027",NA,"57806_1","57913_2","37","HSM0606","600","RB","HSM0506","HSF0507"
"62356_1","BLACK HOOD","M",NA,"44016",NA,"57913_1","57912_2","13","HSM0607","600","LB","HSM0507","HSF0508"
"62357_1","BROWN HOOD","M",NA,"44015",NA,"57912_1","57809_2","7","HSM0608","600","LT","HSM0508","HSF0509"
"62358_1","ALBINO","M",NA,"44015",NA,"57809_1","57810_2","9","HSM0609","600","LM","HSM0509","HSF0510"
"62359_1","BROWN HOOD","M",NA,"44028",NA,"57810_1","59962_2","45","HSM0610","600","RT","HSM0510","HSF0511"
"62603_1","ALBINO","M",NA,"44111",NA,"59962_1","57748_2","99","HSM0611","600","RM","HSM0511","HSF0512"
"62361_1","BROWN HOOD","M",NA,"44016",NA,"57748_1","57257_2","15","HSM0612","600","LM","HSM0512","HSF0513"
"62383_1","BROWN HOOD","M",NA,"44039",NA,"57257_1","59961_2","77","HSM0613","600","RB","HSM0513","HSF0514"
"62384_1","BROWN HOOD","M",NA,"44025",NA,"59961_1","57915_2","4","HSM0614","600","RM","HSM0514","HSF0515"
"62385_1","ALBINO","M",NA,"44021",NA,"60208_1","57914_2","19","HSM0615","600","RT","HSM0515","HSF0516"
"62386_1","BLACK HOOD","M",NA,"44023",NA,"57914_1","58041_2","21","HSM0616","600","RB","HSM0516","HSF0517"
"62387_1","BLACK HOOD","M",NA,"44023",NA,"58041_1","58096_2","23","HSM0617","600","RT","HSM0517","HSF0518"
"62388_1","BLACK","M",NA,"44027",NA,"58096_1","58095_2","39","HSM0618","600","RT","HSM0518","HSF0519"
"62389_1","ALBINO","M",NA,"44027",NA,"58095_1","57241_2","41","HSM0619","600","RM","HSM0519","HSF0520"
"62390_1","BLACK","M",NA,"44025",NA,"57241_1","57242_2","31","HSM0620","600","RB","HSM0520","HSF0521"
"62391_1","BROWN","M",NA,"44014",NA,"57242_1","58527_2","29","HSM0621","600","RT","HSM0521","HSF0522"
"62392_1","BLACK","M",NA,"44026",NA,"58527_1","57911_2","33","HSM0622","600","RT","HSM0522","HSF0523"
"62393_1","BROWN","M",NA,"44023",NA,"57911_1","57462_2","25","HSM0623","600","RM","HSM0523","HSF0524"
"62394_1","BROWN HOOD","M",NA,"44023",NA,"57462_1","57604_2","27","HSM0624","600","RB","HSM0524","HSF0525"
"62395_1","ALBINO","M",NA,"44027",NA,"57604_1","58098_2","43","HSM0625","600","RB","HSM0525","HSF0526"
"62396_1","BROWN","M",NA,"44047",NA,"58098_1","58097_2","81","HSM0626","600","RM","HSM0526","HSF0527"
"62397_1","ALBINO","M",NA,"44033",NA,"58097_1","57461_2","62","HSM0627","600","RM","HSM0527","HSF0528"
"62398_1","BLACK HOOD","M",NA,"44030",NA,"57461_1","57460_2","56","HSM0628","600","RB","HSM0528","HSF0529"
"62550_1","BLACK","M",NA,"44082",NA,"57460_1","58101_2","91","HSM0629","600","RT","HSM0529","HSF0530"
"62400_1","ALBINO","M",NA,"44035",NA,"58101_1","62298_2","64","HSM0630","600","RB","HSM0530","HSF0508B"
"62401_1","BROWN","M",NA,"44030",NA,"62298_1","57811_2","58","HSM0631","600","RT","HSM0508B","HSF0532"
"62402_1","BLACK HOOD","M",NA,"44028",NA,"57811_1","57917_2","48","HSM0632","600","RM","HSM0532","HSF0533"
"62574_1","BLACK","M",NA,"44093",NA,"57917_1","57916_2","95","HSM0633","600","RB","HSM0533","HSF0534"
"62404_1","BLACK","M",NA,"44028",NA,"57916_1","57463_2","50","HSM0634","600","RB","HSM0534","HSF0535"
"62405_1","ALBINO","M",NA,"44028",NA,"57463_1","57635_2","52","HSM0635","600","RT","HSM0535","HSF0536"
"62406_1","BROWN","M",NA,"44028",NA,"57635_1","58688_2","54","HSM0636","600","RM","HSM0536","HSF0537"
"62418_1","BROWN","M",NA,"44035",NA,"58688_1","58687_2","66","HSM0637","600","RT","HSM0537","HSF0538"
"62554_1","ALBINO","M",NA,"44082",NA,"58687_1","57637_2","93","HSM0638","600","RM","HSM0538","HSF0539"
"62420_1","BROWN","M",NA,"44036",NA,"57637_1","57636_2","69","HSM0639","600","RM","HSM0539","HSF0540"
"62567_1","BLACK HOOD","M",NA,"44098",NA,"57636_1","62463_2","97","HSM0640","600","RT","HSM0540","HSF0541B"
"62422_1","BLACK","M",NA,"44037",NA,"57605_1","57606_2","75","HSM0641","600","RM","HSM0541","HSF0542"
"62423_1","BLACK","M",NA,"44040",NA,"57606_1","57607_2","79","HSM0642","600","RT","HSM0542","HSF0543"
"62517_1","BLACK HOOD","M",NA,"44058",NA,"57607_1","57921_2","83","HSM0643","600","RB","HSM0543","HSF0544"
"62425_1","BLACK HOOD","M",NA,"44059",NA,"57921_1","57920_2","85","HSM0644","600","RT","HSM0544","HSF0545"
"62426_1","BLACK HOOD","M",NA,"44036",NA,"57920_1","57919_2","71","HSM0645","600","RB","HSM0545","HSF0546"
"62427_1","BROWN HOOD","M",NA,"44037",NA,"57919_1","57918_2","73","HSM0646","600","RT","HSM0546","HSF0501"
"63107_2","BROWN HOOD","F",NA,"44053",NA,"62351_1","62352_2","270","HSF0702","700","RM","HSM0602","HSF0603"
"63024_2","ALBINO","F",NA,"44006",NA,"62352_1","62353_2","217","HSF0703","700","RM","HSM0603","HSF0604"
"63050_2","ALBINO","F",NA,"44018",NA,"62353_1","62354_2","246","HSF0704","700","RM","HSM0604","HSF0605"
"63051_2","BLACK HOOD","F",NA,"44018",NA,"62354_1","62355_2","247","HSF0705","700","RB","HSM0605","HSF0606"
"63022_2","BROWN HOOD","F",NA,"44011",NA,"62355_1","62356_2","231","HSF0706","700","RB","HSM0606","HSF0607"
"63011_2","BROWN HOOD","F",NA,"44003",NA,"62356_1","62357_2","210","HSF0707","700","RM","HSM0607","HSF0608"
"63188_2","BROWN HOOD","F",NA,"44095",NA,"62356_1","62357_2","282","HSF0707B","700","RT","HSM0607","HSF0608"
"62709_2","ALBINO","F",NA,"43846",NA,"62357_1","62358_2","113","HSF0708","700","RB","HSM0608","HSF0609"
"63052_2","BROWN HOOD","F",NA,"44022",NA,"62358_1","62359_2","238","HSF0709","700","RT","HSM0609","HSF0610"
"63053_2","BLACK","F",NA,"44024",NA,"62359_1","62360_2","255","HSF0710","700","RT","HSM0610","HSF0611"
"63032_2","ALBINO","F",NA,"44018",NA,"62603_1","62361_2","249","HSF0711","700","RT","HSM0611","HSF0612"
"63026_2","BROWN HOOD","F",NA,"44008",NA,"62361_1","62383_2","223","HSF0712","700","RM","HSM0612","HSF0613"
"63013_2","BROWN HOOD","F",NA,"44003",NA,"62384_1","62802_2","215","HSF0714","700","RT","HSM0614","HSF0639B"
"63014_2","ALBINO","F",NA,"44003",NA,"62385_1","62386_2","212","HSF0715","700","RB","HSM0615","HSF0616"
"63286_2","ALBINO","F",NA,"44146",NA,"62385_1","62386_2","348","HSF0715B","700","RM","HSM0615","HSF0616"
"63146_2","BLACK HOOD","F",NA,"44074",NA,"62386_1","62387_2","278","HSF0716","700","RB","HSM0616","HSF0617"
"62740_2","BLACK HOOD","F",NA,"43851",NA,"62387_1","62388_2","117","HSF0717","700","RM","HSM0617","HSF0618"
"62741_2","BROWN","F",NA,"43867",NA,"62388_1","62389_2","165","HSF0718","700","RB","HSM0618","HSF0619"
"63054_2","ALBINO","F",NA,"44022",NA,"62389_1","62822_2","240","HSF0719","700","RM","HSM0619","HSF0620B"
"63123_2","BROWN","F",NA,"44060",NA,"62390_1","62391_2","276","HSF0720","700","RM","HSM0620","HSF0621"
"63055_2","BROWN","F",NA,"44024",NA,"62391_1","62392_2","257","HSF0721","700","RM","HSM0621","HSF0622"
"63056_2","BROWN","F",NA,"44022",NA,"62392_1","62402_2","243","HSF0722","700","RB","HSM0622","HSF0632"
"63147_2","BLACK","F",NA,"44074",NA,"62392_1","62391_2","280","HSF0722B","700","RT","HSM0622","HSF0621"
"63057_2","ALBINO","F",NA,"44020",NA,"62393_1","62394_2","252","HSF0723","700","RB","HSM0623","HSF0624"
"63033_2","BROWN HOOD","F",NA,"44015",NA,"62394_1","62395_2","233","HSF0724","700","RT","HSM0624","HSF0625"
"63027_2","ALBINO","F",NA,"44008",NA,"62395_1","62396_2","225","HSF0725","700","RB","HSM0625","HSF0626"
"63112_2","BROWN","F",NA,"44043",NA,"62396_1","62397_2","265","HSF0726","700","RM","HSM0626","HSF0627"
"63113_1","BLACK","F",NA,"44050",NA,"62397_1","62398_2","268","HSF0727","700","RT","HSM0627","HSF0628"
"63125_2","BLACK","F",NA,"44053",NA,"62398_1","62550_2","272","HSF0728","700","RB","HSM0628","HSF0629"
"63019_2","BROWN","F",NA,"44003",NA,"62550_1","62400_2","208","HSF0729","700","RT","HSM0629","HSF0630"
"63073_2","BROWN HOOD","F",NA,"44022",NA,"62400_1","62401_2","245","HSF0730","700","RT","HSM0630","HSF0631"
"63114_2","BROWN","F",NA,"44053",NA,"62401_1","62402_2","274","HSF0731","700","RT","HSM0631","HSF0632"
"63058_2","BLACK HOOD","F",NA,"44019",NA,"62402_1","62574_2","236","HSF0732","700","RB","HSM0632","HSF0633"
"62756_2","BLACK","F",NA,"43859",NA,"62574_1","62404_2","140","HSF0733","700","RB","HSM0633","HSF0634"
"62757_2","BROWN","F",NA,"43858",NA,"62404_1","62405_2","138","HSF0734","700","RM","HSM0634","HSF0635"
"62758_2","BROWN HOOD","F",NA,"43863",NA,"62405_1","62406_2","152","HSF0735","700","RB","HSM0635","HSF0636"
"62759_2","BROWN","F",NA,"43859",NA,"62406_1","62418_2",NA,"HSF0736","700","RT","HSM0636","HSF0637"
"63060_2","BLACK","F",NA,"44025",NA,"62418_1","62554_2","259","HSF0737","700","RB","HSM0637","HSF0638"
"63029_2","BROWN","F",NA,"44009",NA,"62554_1","62420_2","235","HSF0738","700","RM","HSM0638","HSF0639"
"63106_2","BLACK HOOD","F",NA,"44041",NA,"62420_1","62567_2","263","HSF0739","700","RT","HSM0639","HSF0640"
"62779_2","BLACK HOOD","F",NA,"43865",NA,"62567_1","62422_2","159","HSF0740","700","RB","HSM0640","HSF0641"
"63030_2","BLACK","F",NA,"44006",NA,"62422_1","62423_2","221","HSF0741","700","RT","HSM0641","HSF0642"
"63031_2","BLACK","F",NA,"44008",NA,"62423_1","62517_2","227","HSF0742","700","RT","HSM0642","HSF0643"
"63141_2","BLACK HOOD","F",NA,"44052",NA,"62517_1","62425_2","275","HSF0743","700","RM","HSM0643","HSF0644"
"63061_2","BROWN HOOD","F",NA,"44019",NA,"62426_1","62427_2","250","HSF0745","700","RM","HSM0645","HSF0646"
"62785_2","ALBINO","F",NA,"43880",NA,"62427_1","62350_2","179","HSF0746","700","RM","HSM0646","HSF0601"
"62920_3","ALBINO","M",NA,"43940",NA,"62351_1","62352_2",NA,"HSM0702","700","LT","HSM0602","HSF0603"
"63024_1","BLACK HOOD","M",NA,"44006",NA,"62352_1","62353_2","216","HSM0703","700","LB","HSM0603","HSF0604"
"63097_1","ALBINO","M",NA,"44042",NA,"62353_1","62354_2","266","HSM0704","700","LB","HSM0604","HSF0605"
"63130_1","BLACK HOOD","M",NA,"44063",NA,"62354_1","62355_2","277","HSM0705","700","LM","HSM0605","HSF0606"
"63022_1","BLACK HOOD","M",NA,"44011",NA,"62355_1","62356_2","230","HSM0706","700","LT","HSM0606","HSF0607"
"63011_1","BROWN HOOD","M",NA,"44003",NA,"62356_1","62357_2","209","HSM0707","700","LM","HSM0607","HSF0608"
"63188_1","ALBINO","M",NA,"44095",NA,"62356_1","62357_2","281","HSM0707B","700","LM","HSM0607","HSF0608"
"62709_1","BROWN","M",NA,"43846",NA,"62357_1","62358_2","112","HSM0708","700","LB","HSM0608","HSF0609"
"63052_1","BROWN HOOD","M",NA,"44022",NA,"62358_1","62359_2","237","HSM0709","700","LT","HSM0609","HSF0610"
"63053_1","BLACK","M",NA,"44024",NA,"62359_1","62360_2","254","HSM0710","700","LM","HSM0610","HSF0611"
"63032_1","ALBINO","M",NA,"44018",NA,"62603_1","62361_2","248","HSM0711","700","LM","HSM0611","HSF0612"
"63026_1","BROWN HOOD","M",NA,"44008",NA,"62361_1","62383_2","222","HSM0712","700","LB","HSM0612","HSF0613"
"63025_1","BROWN HOOD","M",NA,"44006",NA,"62383_1","62384_2","218","HSM0713","700","LT","HSM0613","HSF0614"
"63013_1","BLACK HOOD","M",NA,"44003",NA,"62384_1","62802_2","214","HSM0714","700","LM","HSM0614","HSF0639B"
"63286_1","ALBINO","M",NA,"44146",NA,"62385_1","62386_2","347","HSM0715B","700","LM","HSM0615","HSF0616"
"62739_1","BLACK HOOD","M",NA,"43852",NA,"62386_1","62387_2","120","HSM0716","700","LT","HSM0616","HSF0617"
"62740_1","ALBINO","M",NA,"43851",NA,"62387_1","62388_2","116","HSM0717","700","LM","HSM0617","HSF0618"
"63110_1","BLACK","M",NA,"44051",NA,"62388_1","62389_2","269","HSM0718","700","LT","HSM0618","HSF0619"
"63054_1","ALBINO","M",NA,"44022",NA,"62389_1","62822_2","239","HSM0719","700","LM","HSM0619","HSF0620B"
"62912_3","BROWN","M",NA,"43929",NA,"62390_1","62391_2",NA,"HSM0720","700","RT","HSM0620","HSF0621"
"63055_1","BROWN","M",NA,"44024",NA,"62391_1","62392_2","256","HSM0721","700","LB","HSM0621","HSF0622"
"63056_1","BLACK","M",NA,"44022",NA,"62392_1","62393_2","241","HSM0722","700","LB","HSM0622","HSF0623"
"63147_1","BROWN HOOD","M",NA,"44074",NA,"62392_1","62402_2","279","HSM0722B","700","LB","HSM0622","HSF0632"
"63057_1","ALBINO","M",NA,"44020",NA,"62393_1","62394_2","251","HSM0723","700","LB","HSM0623","HSF0624"
"63033_1","BLACK HOOD","M",NA,"44015",NA,"62394_1","62395_2","232","HSM0724","700","LM","HSM0624","HSF0625"
"63027_1","ALBINO","M",NA,"44008",NA,"62395_1","62396_2","224","HSM0725","700","LT","HSM0625","HSF0626"
"63112_1","BROWN","M",NA,"44043",NA,"62396_1","62397_2","264","HSM0726","700","LM","HSM0626","HSF0627"
"63018_1","BROWN","M",NA,"44003",NA,"62397_1","62398_2","213","HSM0727","700","LT","HSM0627","HSF0628"
"62964_3","BLACK","M",NA,"43963",NA,"62398_1","62550_2",NA,"HSM0728","700","RB","HSM0628","HSF0629"
"63019_1","BROWN HOOD","M",NA,"44003",NA,"62550_1","62400_2","207","HSM0729","700","LT","HSM0629","HSF0630"
"63073_1","BROWN HOOD","M",NA,"44022",NA,"62400_1","62401_2","244","HSM0730","700","LT","HSM0630","HSF0631"
"63114_1","BLACK","M",NA,"44053",NA,"62401_1","62402_2","273","HSM0731","700","LB","HSM0631","HSF0632"
"62755_1","ALBINO","M",NA,"43860",NA,"62402_1","62574_2","144","HSM0732","700","LM","HSM0632","HSF0633"
"62756_1","BLACK HOOD","M",NA,"43859",NA,"62574_1","62404_2","139","HSM0733","700","LB","HSM0633","HSF0634"
"63059_1","BLACK","M",NA,"44020",NA,"62404_1","62841_2","253","HSM0734","700","LT","HSM0634","HSF0635B"
"63075_1","ALBINO","M",NA,"44032",NA,"62405_1","62406_2","261","HSM0735","700","LB","HSM0635","HSF0636"
"62759_1","ALBINO","M",NA,"43859",NA,"62406_1","62418_2","142","HSM0736","700","LT","HSM0636","HSF0637"
"63060_1","BROWN","M",NA,"44025",NA,"62418_1","62554_2","258","HSM0737","700","LT","HSM0637","HSF0638"
"63029_1","BROWN","M",NA,"44009",NA,"62554_1","62420_2","234","HSM0738","700","LB","HSM0638","HSF0639"
"63106_1","ALBINO","M",NA,"44041",NA,"62420_1","62567_2","262","HSM0739","700","LT","HSM0639","HSF0640"
"62999_3","BLACK HOOD","M",NA,"43990",NA,"62567_1","62422_2",NA,"HSM0740","700","LT","HSM0640","HSF0641"
"63030_1","BLACK HOOD","M",NA,"44006",NA,"62422_1","62423_2","220","HSM0741","700","LM","HSM0641","HSF0642"
"63031_1","BLACK HOOD","M",NA,"44008",NA,"62423_1","62517_2","226","HSM0742","700","LM","HSM0642","HSF0643"
"63078_1","BLACK HOOD","M",NA,"44029",NA,"62517_1","62425_2","260","HSM0743","700","LM","HSM0643","HSF0644"
"62784_1","BROWN HOOD","M",NA,"43866",NA,"62426_1","62427_2","162","HSM0745","700","LM","HSM0645","HSF0646"
"62785_1","BLACK HOOD","M",NA,"43880",NA,"62427_1","62350_2","178","HSM0746","700","LM","HSM0646","HSF0601"
"63023_1","ALBINO","M",NA,"44010",NA,"62350_1","62351_2","229","HSM0701","700","LB","HSM0601","HSF0602"
"63014_1","ALBINO","M",NA,"44003",NA,"62385_1","62386_2","211","HSM0715","700","LB","HSM0615","HSF0616"
"62702_2","BLACK HOOD","F",NA,"43870",NA,"62350_1","62351_2","171","HSF0701","700","RB","HSM0601","HSF0602"
"63025_2","BROWN HOOD","F",NA,"44006",NA,"62383_1","62384_2","219","HSF0713","700","RB","HSM0613","HSF0614"
"63323_2","BROWN HOOD","F",NA,"44170",NA,"63023_1","63107_2","377","HSF0801","800","RT","HSM0701","HSF0702"
"63243_2","ALBINO","F",NA,"44125",NA,"62920_3","63024_2","284","HSF0802","800","RT","HSM0702","HSF0703"
"63244_2","ALBINO","F",NA,"44127",NA,"63024_1","63050_2","289","HSF0803","800","RB","HSM0703","HSF0704"
"63085_2","BLACK","F",NA,"44129",NA,"63097_1","63051_2","299","HSF0804","800","RM","HSM0704","HSF0705"
"63167_2","BLACK HOOD","F",NA,"44148",NA,"63130_1","63022_2","353","HSF0805","800","RT","HSM0705","HSF0706"
"63261_2","BLACK HOOD","F",NA,"44132",NA,"63022_1","63011_2","319","HSF0806","800","RB","HSM0706","HSF0707"
"63202_2","ALBINO","F",NA,"44127",NA,"63011_1","62709_2","291","HSF0807","800","RT","HSM0707","HSF0708"
"63580_2","BROWN","F",NA,"43934",NA,"63052_1","63053_2","428","HSF0809","800","RT","HSM0709","HSF0710"
"63262_2","BROWN","F",NA,"44131",NA,"63053_1","63032_2","313","HSF0810","800","RB","HSM0710","HSF0711"
"63245_2","BROWN HOOD","F",NA,"44129",NA,"63032_1","63026_2","301","HSF0811","800","RB","HSM0711","HSF0712"
"63298_2","BROWN HOOD","F",NA,"44158",NA,"63026_1","63025_2","367","HSF0812","800","RT","HSM0712","HSF0713"
"63350_2","BROWN HOOD","F",NA,"44182",NA,"63026_1","63025_2","379","HSF0812B","800","RM","HSM0712","HSF0713"
"63299_2","BROWN HOOD","F",NA,"44156",NA,"63025_1","63013_2","365","HSF0813","800","LB","HSM0713","HSF0714"
"63246_2","ALBINO","F",NA,"44127",NA,"63013_1","63014_2","293","HSF0814","800","RM","HSM0714","HSF0715"
"63199_2","BLACK HOOD","F",NA,"44131",NA,"63014_1","63146_2","315","HSF0815","800","RT","HSM0715","HSF0716"
"63300_2","BLACK HOOD","F",NA,"44146",NA,"62739_1","62740_2","351","HSF0816","800","RB","HSM0716","HSF0717"
"63247_2","BLACK HOOD","F",NA,"44127",NA,"62740_1","62741_2","295","HSF0817","800","RB","HSM0717","HSF0718"
"63159_2","BROWN","F",NA,"44131",NA,"63110_1","63054_2","317","HSF0818","800","RM","HSM0718","HSF0719"
"63263_2","BLACK HOOD","F",NA,"44136",NA,"63054_1","63123_2","328","HSF0819","800","RT","HSM0719","HSF0720"
"63313_2","BROWN HOOD","F",NA,"44159",NA,"62912_3","63055_2","370","HSF0820","800","RM","HSM0720","HSF0721"
"63277_2","BROWN","F",NA,"44141",NA,"63055_1","63147_2","344","HSF0821","800","RB","HSM0721","HSF0722B"
"63278_2","BLACK","F",NA,"44139",NA,"63056_1","63057_2","336","HSF0822","800","RM","HSM0722","HSF0723"
"63201_2","ALBINO","F",NA,"44152",NA,"63147_1","63061_2","359","HSF0822B","800","RB","HSM0722B","HSF0745"
"63248_2","ALBINO","F",NA,"44129",NA,"63057_1","63033_2","303","HSF0823","800","RT","HSM0723","HSF0724"
"63304_2","BROWN HOOD","F",NA,"44145",NA,"63033_1","63027_2","346","HSF0824","800","RM","HSM0724","HSF0725"
"63249_2","BROWN","F",NA,"44129",NA,"63027_1","63112_2","305","HSF0825","800","RM","HSM0725","HSF0726"
"63305_2","BLACK HOOD","F",NA,"44153",NA,"63112_1","63113_1","361","HSF0826","800","RT","HSM0726","HSF0727"
"63265_2","BROWN","F",NA,"44133",NA,"63018_1","63125_2","323","HSF0827","800","RM","HSM0727","HSF0728"
"63266_2","BLACK HOOD","F",NA,"44134",NA,"62964_3","63019_2","325","HSF0828","800","RB","HSM0728","HSF0729"
"63089_2","BLACK HOOD","F",NA,"44130",NA,"63019_1","63073_2","309","HSF0829","800","RT","HSM0729","HSF0730"
"63162_2","BROWN","F",NA,"44147",NA,"63073_1","63114_2","363","HSF0830","800","RM","HSM0730","HSF0731"
"63163_2","BLACK HOOD","F",NA,"44132",NA,"63114_1","63058_2","321","HSF0831","800","RT","HSM0731","HSF0732"
"63279_2","BLACK","F",NA,"44140",NA,"62755_1","62756_2","338","HSF0832","800","RB","HSM0732","HSF0733"
"63575_2","BLACK","F",NA,"43927",NA,"62755_1","62756_2","419","HSF0832B","800","RM","HSM0732","HSF0733"
"63267_2","BROWN","F",NA,"44137",NA,"62756_1","62757_2","332","HSF0833","800","RB","HSM0733","HSF0734"
"63385_2","ALBINO","F",NA,"43859",NA,"63075_1","63286_2","385","HSF0835","800","RT","HSM0735","HSF0715B"
"63355_2","BROWN HOOD","F",NA,"44185",NA,"62759_1","63060_2","382","HSF0836","800","RB","HSM0736","HSF0737"
"63280_2","BROWN","F",NA,"44140",NA,"63060_1","63029_2","340","HSF0837","800","RT","HSM0737","HSF0738"
"63330_2","ALBINO","F",NA,"44166",NA,"63029_1","63106_2","376","HSF0838","800","RB","HSM0738","HSF0739"
"63203_2","BLACK HOOD","F",NA,"44151",NA,"63106_1","62779_2","357","HSF0839","800","RM","HSM0739","HSF0740"
"63214_2","BLACK","F",NA,"44136",NA,"62999_3","63030_2","330","HSF0840","800","RM","HSM0740","HSF0741"
"63250_2","BLACK HOOD","F",NA,"44127",NA,"63030_1","63031_2","297","HSF0841","800","RT","HSM0741","HSF0742"
"63251_2","BLACK HOOD","F",NA,"44130",NA,"63031_1","63141_2","311","HSF0842","800","RM","HSM0742","HSF0743"
"63200_2","BLACK HOOD","F",NA,"44130",NA,"63078_1","63147_2","307","HSF0843","800","RB","HSM0743","HSF0722B"
"63268_2","ALBINO","F",NA,"44137",NA,"62784_1","62785_2","334","HSF0845","800","RT","HSM0745","HSF0746"
"63281_2","BLACK HOOD","F",NA,"44141",NA,"62785_1","62702_2","342","HSF0846","800","RM","HSM0746","HSF0701"
"63374_1","ALBINO","M",NA,"44196",NA,"63023_1","63107_2","383","HSM0801","800","LT","HSM0701","HSF0702"
"63243_1","ALBINO","M",NA,"44125",NA,"62920_3","63024_2","283","HSM0802","800","LT","HSM0702","HSF0703"
"63244_1","BLACK HOOD","M",NA,"44127",NA,"63024_1","63050_2","288","HSM0803","800","LB","HSM0703","HSF0704"
"63085_1","ALBINO","M",NA,"44129",NA,"63097_1","63051_2","298","HSM0804","800","LM","HSM0704","HSF0705"
"63167_1","BLACK HOOD","M",NA,"44148",NA,"63130_1","63022_2","352","HSM0805","800","LT","HSM0705","HSF0706"
"63261_1","BLACK HOOD","M",NA,"44132",NA,"63022_1","63011_2","318","HSM0806","800","LB","HSM0706","HSF0707"
"63556_1","BLACK HOOD","M",NA,"43923",NA,"63011_1","62709_2","391","HSM0807","800","LT","HSM0707","HSF0708"
"63091_1","BROWN HOOD","M",NA,"44125",NA,"63052_1","63053_2","285","HSM0809","800","LM","HSM0709","HSF0710"
"63262_1","BLACK","M",NA,"44131",NA,"63053_1","63032_2","312","HSM0810","800","LB","HSM0710","HSF0711"
"63245_1","BROWN HOOD","M",NA,"44129",NA,"63032_1","63026_2","300","HSM0811","800","LB","HSM0711","HSF0712"
"63298_1","BROWN HOOD","M",NA,"44158",NA,"63026_1","63025_2","366","HSM0812","800","LT","HSM0712","HSF0713"
"63298_3","BLACK HOOD","M",NA,"44158",NA,"63026_1","63025_2","368","HSM0812B","800","LM","HSM0712","HSF0713"
"63299_1","BROWN HOOD","M",NA,"44156",NA,"63025_1","63013_2","364","HSM0813","800","RB","HSM0713","HSF0714"
"63246_1","BLACK HOOD","M",NA,"44127",NA,"63013_1","63014_2","292","HSM0814","800","LM","HSM0714","HSF0715"
"63199_1","BLACK HOOD","M",NA,"44131",NA,"63014_1","63146_2","314","HSM0815","800","LT","HSM0715","HSF0716"
"63300_1","BLACK HOOD","M",NA,"44146",NA,"62739_1","62740_2","349","HSM0816","800","LB","HSM0716","HSF0717"
"63247_1","BLACK HOOD","M",NA,"44127",NA,"62740_1","62741_2","294","HSM0817","800","LB","HSM0717","HSF0718"
"63159_1","BROWN","M",NA,"44131",NA,"63110_1","63054_2","316","HSM0818","800","LM","HSM0718","HSF0719"
"63263_1","BLACK","M",NA,"44136",NA,"63054_1","63123_2","327","HSM0819","800","LT","HSM0719","HSF0720"
"63313_1","BROWN","M",NA,"44159",NA,"62912_3","63055_2","369","HSM0820","800","LB","HSM0720","HSF0721"
"63277_1","BLACK","M",NA,"44141",NA,"63055_1","63147_2","343","HSM0821","800","LB","HSM0721","HSF0722B"
"63278_1","BLACK","M",NA,"44139",NA,"63056_1","63057_2","335","HSM0822","800","LM","HSM0722","HSF0723"
"63201_1","BROWN HOOD","M",NA,"44152",NA,"63147_1","63061_2","358","HSM0822B","800","LB","HSM0722B","HSF0745"
"63414_1","ALBINO","M",NA,"43855",NA,"63057_1","63033_2","386","HSM0823","800","LM","HSM0723","HSF0724"
"63304_1","ALBINO","M",NA,"44145",NA,"63033_1","63027_2","345","HSM0824","800","LM","HSM0724","HSF0725"
"63249_1","BROWN","M",NA,"44129",NA,"63027_1","63112_2","304","HSM0825","800","LM","HSM0725","HSF0726"
"63305_1","BLACK","M",NA,"44153",NA,"63112_1","63113_1","360","HSM0826","800","LT","HSM0726","HSF0727"
"63265_1","BROWN","M",NA,"44133",NA,"63018_1","63125_2","322","HSM0827","800","LM","HSM0727","HSF0728"
"63266_1","BROWN HOOD","M",NA,"44134",NA,"62964_3","63019_2","324","HSM0828","800","LB","HSM0728","HSF0729"
"63089_1","BROWN HOOD","M",NA,"44130",NA,"63019_1","63073_2","308","HSM0829","800","LT","HSM0729","HSF0730"
"63162_1","BROWN HOOD","M",NA,"44147",NA,"63073_1","63114_2","362","HSM0830","800","LM","HSM0730","HSF0731"
"63163_1","BLACK","M",NA,"44132",NA,"63114_1","63058_2","320","HSM0831","800","LT","HSM0731","HSF0732"
"63279_1","BLACK HOOD","M",NA,"44140",NA,"62755_1","62756_2","337","HSM0832","800","LB","HSM0732","HSF0733"
"63575_1","BLACK","M",NA,"43927",NA,"62755_1","62756_2","418","HSM0832B","800","LT","HSM0732","HSF0733"
"63267_1","BROWN HOOD","M",NA,"44137",NA,"62756_1","62757_2","331","HSM0833","800","LB","HSM0733","HSF0734"
"63385_1","ALBINO","M",NA,"43859",NA,"63075_1","63286_2","384","HSM0835","800","LM","HSM0735","HSF0715B"
"63355_1","BLACK HOOD","M",NA,"44185",NA,"62759_1","63060_2","380","HSM0836","800","LB","HSM0736","HSF0737"
"63280_1","BROWN","M",NA,"44140",NA,"63060_1","63029_2","339","HSM0837","800","LT","HSM0737","HSF0738"
"63330_1","BLACK","M",NA,"44166",NA,"63029_1","63106_2","375","HSM0838","800","LT","HSM0738","HSF0739"
"63203_1","BLACK","M",NA,"44151",NA,"63106_1","62779_2","356","HSM0839","800","LM","HSM0739","HSF0740"
"63214_1","BLACK HOOD","M",NA,"44136",NA,"62999_3","63030_2","329","HSM0840","800","LM","HSM0740","HSF0741"
"63346_1","BLACK HOOD","M",NA,"44174",NA,"63030_1","63031_2","378","HSM0841","800","LM","HSM0741","HSF0742"
"63251_1","BLACK HOOD","M",NA,"44130",NA,"63031_1","63141_2","310","HSM0842","800","LM","HSM0742","HSF0743"
"63200_1","BLACK HOOD","M",NA,"44130",NA,"63078_1","63147_2","306","HSM0843","800","LB","HSM0743","HSF0722B"
"63268_1","ALBINO","M",NA,"44137",NA,"62784_1","62785_2","333","HSM0845","800","LT","HSM0745","HSF0746"
"63281_1","BLACK HOOD","M",NA,"44141",NA,"62785_1","62702_2","341","HSM0846","800","LM","HSM0746","HSF0701"
"63674_1","BLACK HOOD","F",NA,"43982",NA,"63029_1","63106_2","485","HSF0838B","800","RT","HSM0738","HSF0739"
"63552_1","BROWN HOOD","M",NA,"40292",NA,"63201_1","63268_2","460","HSM0944","900","LT","HSM0822B","HSF0845"
"63509_2","ALBINO","F",NA,"40270",NA,"63374_1","63243_2","393","HSF0901","900","RB","HSM0801","HSF0802"
"63510_2","ALBINO","F",NA,"40268",NA,"63243_1","63244_2","388","HSF0902","900","RT","HSM0802","HSF0803"
"63608_2","BLACK","F",NA,"40295",NA,"63244_1","63085_2","466","HSF0903","900","RM","HSM0803","HSF0804"
"63512_2","BLACK","F",NA,"40272",NA,"63085_1","63167_2","404","HSF0904","900","RM","HSM0804","HSF0805"
"63513_2","BLACK HOOD","F",NA,"40296",NA,"63167_1","63261_2","470","HSF0905","900","RT","HSM0805","HSF0806"
"63514_2","BROWN HOOD","F",NA,"40273",NA,"63261_1","63202_2","407","HSF0906","900","RB","HSM0806","HSF0807"
"63589_4","BLACK HOOD","F",NA,"40364",NA,"63556_1","63575_2","492","HSF0907","900","RM","HSM0807","HSF0832B"
"63607_4","ALBINO","F",NA,"40358",NA,"63575_1","63580_2","490","HSF0908","900","RT","HSM0832B","HSF0809"
"63515_2","ALBINO","F",NA,"40274",NA,"63091_1","63262_2","409","HSF0909","900","RT","HSM0809","HSF0810"
"63516_2","BLACK","F",NA,"40270",NA,"63262_1","63245_2","395","HSF0910","900","RT","HSM0810","HSF0811"
"63760_4","ALBINO","F",NA,"40386",NA,"63262_1","63245_2","496","HSF0910B","900","RB","HSM0810","HSF0811"
"63517_2","BROWN HOOD","F",NA,"40271",NA,"63245_1","63298_2","399","HSF0911","900","RB","HSM0811","HSF0812"
"63518_2","BROWN HOOD","F",NA,"40269",NA,"63298_1","63299_2","390","HSF0912","900","RM","HSM0812","HSF0813"
"63519_2","BLACK HOOD","F",NA,"40271",NA,"63299_1","63246_2","402","HSF0913","900","RT","HSM0813","HSF0814"
"63520_2","BLACK HOOD","F",NA,"40270",NA,"63246_1","63199_2","397","HSF0914","900","RM","HSM0814","HSF0815"
"63521_2","BLACK HOOD","F",NA,"40278",NA,"63199_1","63300_2","425","HSF0915","900","RM","HSM0815","HSF0816"
"63522_2","BLACK HOOD","F",NA,"40290",NA,"63300_1","63247_2","453","HSF0916","900","RM","HSM0816","HSF0817"
"63523_2","BLACK","F",NA,"40278",NA,"63247_1","63159_2","421","HSF0917","900","RB","HSM0817","HSF0818"
"63524_2","ALBINO","F",NA,"40275",NA,"63159_1","63263_2","411","HSF0918","900","RM","HSM0818","HSF0819"
"63525_2","BLACK","F",NA,"40276",NA,"63263_1","63313_2","413","HSF0919","900","RB","HSM0819","HSF0820"
"64015_2","BLACK","F",NA,"40511",NA,"63263_1","63313_2","594","HSF0919B","900","RT","HSM0819","HSF0820"
"63526_2","BROWN","F",NA,"40288",NA,"63313_1","63277_2","451","HSF0920","900","RT","HSM0820","HSF0821"
"63527_2","BLACK","F",NA,"40277",NA,"63277_1","63278_2","415","HSF0921","900","RT","HSM0821","HSF0822"
"63528_2","ALBINO","F",NA,"40277",NA,"63278_1","63248_2","417","HSF0922","900","RM","HSM0822","HSF0823"
"63529_2","ALBINO","F",NA,"40295",NA,"63414_1","63304_2","468","HSF0923","900","RB","HSM0823","HSF0824"
"63530_2","BLACK","F",NA,"40301",NA,"63304_1","63249_2","474","HSF0924","900","RB","HSM0824","HSF0825"
"63533_2","BLACK HOOD","F",NA,"40278",NA,"63249_1","63305_2","423","HSF0925","900","RT","HSM0825","HSF0826"
"63534_2","BROWN","F",NA,"40279",NA,"63305_1","63265_2","427","HSF0926","900","RB","HSM0826","HSF0827"
"63535_2","BROWN HOOD","F",NA,"40302",NA,"63265_1","63266_2","477","HSF0927","900","RT","HSM0827","HSF0828"
"63536_2","BLACK HOOD","F",NA,"40284",NA,"63266_1","63089_2","436","HSF0928","900","RT","HSM0828","HSF0829"
"63537_2","BROWN","F",NA,"40284",NA,"63089_1","63162_2","438","HSF0929","900","RM","HSM0829","HSF0830"
"63538_2","BROWN HOOD","F",NA,"40285",NA,"63162_1","63163_2","440","HSF0930","900","RB","HSM0830","HSF0831"
"63539_2","BLACK","F",NA,"40283",NA,"63163_1","63279_2","432","HSF0931","900","RM","HSM0831","HSF0832"
"63541_2","BROWN HOOD","F",NA,"40284",NA,"63267_1","63350_2","434","HSF0933","900","RB","HSM0833","HSF0812B"
"63542_2","BLACK HOOD","F",NA,"40287",NA,"63298_3","63385_2","447","HSF0934","900","RB","HSM0812B","HSF0835"
"63543_2","BROWN HOOD","F",NA,"40298",NA,"63385_1","63355_2","471","HSF0935","900","RM","HSM0835","HSF0836"
"63837_2","BLACK","F",NA,"40411",NA,"63280_1","63674_1","502","HSF0937","900","RT","HSM0837","HSF0838B"
"63546_2","BLACK","F",NA,"40282",NA,"63330_1","63203_2","430","HSF0938","900","RT","HSM0838","HSF0839"
"63547_2","BLACK HOOD","F",NA,"40294",NA,"63203_1","63214_2","465","HSF0939","900","RT","HSM0839","HSF0840"
"63548_2","BLACK HOOD","F",NA,"40290",NA,"63214_1","63250_2","455","HSF0940","900","RB","HSM0840","HSF0841"
"63549_2","BLACK HOOD","F",NA,"40291",NA,"63346_1","63251_2","459","HSF0941","900","RM","HSM0841","HSF0842"
"63550_2","BLACK HOOD","F",NA,"40350",NA,"63251_1","63200_2","488","HSF0942","900","RB","HSM0842","HSF0843"
"63551_2","BLACK HOOD","F",NA,"40305",NA,"63200_1","63201_2","479","HSF0943","900","RM","HSM0843","HSF0822B"
"64099_2","BROWN HOOD","F",NA,"40534",NA,"63200_1","63201_2","602","HSF0943B","900","RT","HSM0843","HSF0822B"
"63552_2","ALBINO","F",NA,"40292",NA,"63201_1","63268_2","461","HSF0944","900","RB","HSM0822B","HSF0845"
"63553_2","ALBINO","F",NA,"40290",NA,"63268_1","63281_2","457","HSF0945","900","RT","HSM0845","HSF0846"
"63648_2","BROWN HOOD","F",NA,"40315",NA,"63281_1","63323_2","484","HSF0946","900","RB","HSM0846","HSF0801"
"63509_1","ALBINO","M",NA,"40270",NA,"63374_1","63243_2","392","HSM0901","900","LB","HSM0801","HSF0802"
"63510_1","ALBINO","M",NA,"40268",NA,"63243_1","63244_2","387","HSM0902","900","LT","HSM0802","HSF0803"
"63511_1","BLACK","M",NA,"40273",NA,"63244_1","63085_2","405","HSM0903","900","LB","HSM0803","HSF0804"
"63512_1","ALBINO","M",NA,"40272",NA,"63085_1","63167_2","403","HSM0904","900","LM","HSM0804","HSF0805"
"63513_1","BLACK HOOD","M",NA,"40296",NA,"63167_1","63261_2","469","HSM0905","900","LT","HSM0805","HSF0806"
"63514_1","BLACK HOOD","M",NA,"40273",NA,"63261_1","63202_2","406","HSM0906","900","LT","HSM0806","HSF0807"
"63589_3","BLACK HOOD","M",NA,"40364",NA,"63556_1","63575_2","491","HSM0907","900","LB","HSM0807","HSF0832B"
"63607_3","BROWN HOOD","M",NA,"40358",NA,"63575_1","63580_2","489","HSM0908","900","LM","HSM0832B","HSF0809"
"63515_1","BROWN","M",NA,"40274",NA,"63091_1","63262_2","408","HSM0909","900","LM","HSM0809","HSF0810"
"63516_1","BROWN","M",NA,"40270",NA,"63262_1","63245_2","394","HSM0910B","900","LT","HSM0810","HSF0811"
"63517_1","BROWN HOOD","M",NA,"40271",NA,"63245_1","63298_2","398","HSM0911","900","LB","HSM0811","HSF0812"
"63518_1","BLACK HOOD","M",NA,"40269",NA,"63298_1","63299_2","389","HSM0912","900","LM","HSM0812","HSF0813"
"63519_1","BLACK HOOD","M",NA,"40271",NA,"63299_1","63246_2","400","HSM0913","900","LT","HSM0813","HSF0814"
"63520_1","BLACK HOOD","M",NA,"40270",NA,"63246_1","63199_2","396","HSM0914","900","LM","HSM0814","HSF0815"
"63521_1","BLACK HOOD","M",NA,"40278",NA,"63199_1","63300_2","424","HSM0915","900","LB","HSM0815","HSF0816"
"63522_1","BLACK HOOD","M",NA,"40290",NA,"63300_1","63247_2","452","HSM0916","900","LB","HSM0816","HSF0817"
"63523_1","BROWN","M",NA,"40278",NA,"63247_1","63159_2","420","HSM0917","900","LT","HSM0817","HSF0818"
"63524_1","BLACK HOOD","M",NA,"40275",NA,"63159_1","63263_2","410","HSM0918","900","LB","HSM0818","HSF0819"
"64048_1","ALBINO","M",NA,"40526",NA,"63159_1","63263_2","599","HSM0918B","900","LT","HSM0818","HSF0819"
"63525_1","BROWN HOOD","M",NA,"40276",NA,"63159_1","63313_2","412","HSM0919","900","LT","HSM0818","HSF0820"
"63526_1","BROWN","M",NA,"40288",NA,"63313_1","63277_2","450","HSM0920","900","LM","HSM0820","HSF0821"
"63527_1","BLACK HOOD","M",NA,"40277",NA,"63277_1","63278_2","414","HSM0921","900","LM","HSM0821","HSF0822"
"63528_1","BROWN HOOD","M",NA,"40277",NA,"63278_1","63248_2","416","HSM0922","900","LB","HSM0822","HSF0823"
"63529_1","BROWN HOOD","M",NA,"40295",NA,"63414_1","63304_2","467","HSM0923","900","LB","HSM0823","HSF0824"
"63530_1","BLACK HOOD","M",NA,"40301",NA,"63304_1","63249_2","473","HSM0924","900","LB","HSM0824","HSF0825"
"63533_1","BLACK HOOD","M",NA,"40278",NA,"63249_1","63305_2","422","HSM0925","900","LM","HSM0825","HSF0826"
"63534_1","ALBINO","M",NA,"40279",NA,"63305_1","63265_2","426","HSM0926","900","LT","HSM0826","HSF0827"
"63535_1","BLACK HOOD","M",NA,"40302",NA,"63265_1","63266_2","476","HSM0927","900","LT","HSM0827","HSF0828"
"63536_1","BROWN HOOD","M",NA,"40284",NA,"63266_1","63089_2","435","HSM0928","900","LM","HSM0828","HSF0829"
"63537_1","ALBINO","M",NA,"40284",NA,"63089_1","63162_2","437","HSM0929","900","LB","HSM0829","HSF0830"
"63538_1","BROWN HOOD","M",NA,"40285",NA,"63162_1","63163_2","439","HSM0930","900","RT","HSM0830","HSF0831"
"63539_1","BLACK","M",NA,"40283",NA,"63163_1","63279_2","431","HSM0931","900","LB","HSM0831","HSF0832"
"63541_1","BROWN HOOD","M",NA,"40284",NA,"63267_1","63350_2","433","HSM0933","900","LT","HSM0833","HSF0812B"
"63542_1","BLACK HOOD","M",NA,"40287",NA,"63298_3","63385_2","446","HSM0934","900","LT","HSM0812B","HSF0835"
"63543_1","ALBINO","M",NA,"40298",NA,"63385_1","63355_2","471","HSM0935","900","LM","HSM0835","HSF0836"
"63544_1","BLACK","M",NA,"40285",NA,"63355_1","63280_2","441","HSM0936","900","LM","HSM0836","HSF0837"
"63837_1","ALBINO","M",NA,"40411",NA,"63280_1","63674_1","501","HSM0937","900","LM","HSM0837","HSF0838B"
"63546_1","BLACK HOOD","M",NA,"40282",NA,"63330_1","63203_2","429","HSM0938","900","LM","HSM0838","HSF0839"
"63547_1","BLACK","M",NA,"40294",NA,"63203_1","63214_2","464","HSM0939","900","LM","HSM0839","HSF0840"
"63548_1","BLACK HOOD","M",NA,"40290",NA,"63214_1","63250_2","454","HSM0940","900","LT","HSM0840","HSF0841"
"63549_1","BLACK HOOD","M",NA,"40291",NA,"63346_1","63251_2","458","HSM0941","900","LB","HSM0841","HSF0842"
"63550_1","BLACK HOOD","M",NA,"40350",NA,"63251_1","63200_2","487","HSM0942","900","LT","HSM0842","HSF0843"
"64034_1","BLACK HOOD","M",NA,"40516",NA,"63251_1","63200_2","596","HSM0942B","900","LT","HSM0842","HSF0843"
"63551_1","BROWN HOOD","M",NA,"40305",NA,"63200_1","63201_2","478","HSM0943","900","LM","HSM0843","HSF0822B"
"63553_1","BROWN HOOD","M",NA,"40290",NA,"63268_1","63281_2","456","HSM0945","900","LM","HSM0845","HSF0846"
"64077_1","ALBINO","M",NA,"40532",NA,"63268_1","63281_2","601","HSM0945B","900","LT","HSM0845","HSF0846"
"63648_1","BLACK HOOD","M",NA,"40315",NA,"63281_1","63323_2","483","HSM0946","900","LB","HSM0846","HSF0801"
"63760_3","BLACK","M",NA,"40386",NA,"63262_1","63245_2","495","HSM0910","900","LT","HSM0810","HSF0811"
"63544_2","ALBINO","F",NA,"40285",NA,"63355_1","63280_2","442","HSF0936","900","RT","HSM0836","HSF0837"
"64004_2","ALBINO","F",NA,"40502",NA,"63509_1","63510_2","590","HSF01001","1000","RB","HSM0901","HSF0902"
"63860_2","BLACK","F",NA,"40480",NA,"63510_1","63608_2","545","HSF01002","1000","RM","HSM0902","HSF0903"
"63861_2","ALBINO","F",NA,"40504",NA,"63511_1","63512_2","593","HSF01003","1000","RM","HSM0903","HSF0904"
"64552_2","BLACK","F",NA,"40765",NA,"63511_1","63512_2","717","HSF01003B","1000","RT","HSM0903","HSF0904"
"63862_2","ALBINO","F",NA,"40462",NA,"63512_1","63513_2","520","HSF01004","1000","RM","HSM0904","HSF0905"
"63863_2","BROWN HOOD","F",NA,"40466",NA,"63513_1","63514_2","510","HSF01005","1000","RB","HSM0905","HSF0906"
"63864_2","ALBINO","F",NA,"40479",NA,"63514_1","63589_4","539","HSF01006","1000","RM","HSM0906","HSF0907"
"63865_2","BROWN","F",NA,"40466",NA,"63589_3","63607_4","512","HSF01007","1000","RT","HSM0907","HSF0908"
"63866_2","BLACK HOOD","F",NA,"40465",NA,"63607_3","63515_2","506","HSF01008","1000","RT","HSM0908","HSF0909"
"63867_2","ALBINO","F",NA,"40466",NA,"63515_1","63516_2","514","HSF01009","1000","RM","HSM0909","HSF0910"
"63868_2","BROWN","F",NA,"40466",NA,"63760_3","63517_2","516","HSF01010","1000","RB","HSM0910","HSF0911"
"63869_2","BLACK HOOD","F",NA,"40466",NA,"63517_1","63518_2","518","HSF01011","1000","RT","HSM0911","HSF0912"
"63870_2","BLACK HOOD","F",NA,"40465",NA,"63518_1","63519_2","508","HSF01012","1000","RM","HSM0912","HSF0913"
"63879_2","ALBINO","F",NA,"40471",NA,"63519_1","63520_2","522","HSF01013","1000","RB","HSM0913","HSF0914"
"63880_2","BLACK HOOD","F",NA,"40487",NA,"63520_1","63521_2","561","HSF01014","1000","RT","HSM0914","HSF0915"
"63881_2","BLACK HOOD","F",NA,"40461",NA,"63521_1","63522_2","524","HSF01015","1000","RT","HSM0915","HSF0916"
"63882_2","BLACK HOOD","F",NA,"40484",NA,"63522_1","63523_2","555","HSF01016","1000","RT","HSM0916","HSF0917"
"63883_2","BROWN HOOD","F",NA,"40487",NA,"63523_1","63524_2","563","HSF01017","1000","RM","HSM0917","HSF0918"
"64087_2","BLACK","F",NA,"40610",NA,"64048_1","64015_2","616","HSF01018","1000","RB","HSM0918B","HSF0919B"
"63885_2","ALBINO","F",NA,"40474",NA,"63525_1","63526_2","535","HSF01019","1000","RB","HSM0919","HSF0920"
"64586_2","BROWN","F",NA,"40790",NA,"63525_1","63526_2","731","HSF01019B","1000","RB","HSM0919","HSF0920"
"63886_2","BROWN","F",NA,"40471",NA,"63526_1","63527_2","526","HSF01020","1000","RM","HSM0920","HSF0921"
"63887_2","BLACK HOOD","F",NA,"40471",NA,"63527_1","63528_2","528","HSF01021","1000","RB","HSM0921","HSF0922"
"63888_2","BROWN HOOD","F",NA,"40473",NA,"63528_1","63529_2","532","HSF01022","1000","RM","HSM0922","HSF0923"
"64010_2","BROWN HOOD","F",NA,"40502",NA,"63529_1","63530_2","591","HSF01023","1000","RT","HSM0923","HSF0924"
"63890_2","BLACK HOOD","F",NA,"40472",NA,"63530_1","63533_2","530","HSF01024","1000","RT","HSM0924","HSF0925"
"63918_2","BLACK HOOD","F",NA,"40484",NA,"63533_1","63534_2","557","HSF01025","1000","RM","HSM0925","HSF0926"
"63919_2","BLACK HOOD","F",NA,"40480",NA,"63534_1","63535_2","547","HSF01026","1000","RB","HSM0926","HSF0927"
"63920_2","BLACK HOOD","F",NA,"40548",NA,"63535_1","63536_2","605","HSF01027","1000","RM","HSM0927","HSF0928"
"64372_2","BROWN","F",NA,"40673",NA,"63536_1","63537_2","661","HSF01028","1000","RT","HSM0928","HSF0929"
"63922_2","BLACK HOOD","F",NA,"40480",NA,"63537_1","63538_2","549","HSF01029","1000","RT","HSM0929","HSF0930"
"64574_2","BROWN HOOD","F",NA,"40780",NA,"63537_1","63538_2","729","HSF01029B","1000","RM","HSM0929","HSF0930"
"63923_2","BROWN HOOD","F",NA,"40481",NA,"63538_1","63539_2","551","HSF01030","1000","RM","HSM0930","HSF0931"
"63924_2","BLACK","F",NA,"40492",NA,"63539_1","63760_4","575","HSF01031","1000","RT","HSM0931","HSF0910B"
"63925_2","BROWN HOOD","F",NA,"40490",NA,"63516_1","63541_2","568","HSF01032","1000","RT","HSM0910B","HSF0933"
"63926_2","BLACK HOOD","F",NA,"40479",NA,"63541_1","63542_2","541","HSF01033","1000","RB","HSM0933","HSF0934"
"63927_2","BROWN HOOD","F",NA,"40479",NA,"63542_1","63543_2","543","HSF01034","1000","RT","HSM0934","HSF0935"
"63928_2","ALBINO","F",NA,"40478",NA,"63543_1","63544_2","537","HSF01035","1000","RT","HSM0935","HSF0936"
"63929_2","BLACK","F",NA,"40483",NA,"63544_1","63837_2","553","HSF01036","1000","RB","HSM0936","HSF0937"
"63930_2","BROWN","F",NA,"40501",NA,"63837_1","63546_2","581","HSF01037","1000","RT","HSM0937","HSF0938"
"63931_2","BLACK HOOD","F",NA,"40490",NA,"63546_1","63547_2","570","HSF01038","1000","RM","HSM0938","HSF0939"
"63932_2","BLACK","F",NA,"40489",NA,"63547_1","63548_2","565","HSF01039","1000","RB","HSM0939","HSF0940"
"63933_2","BLACK HOOD","F",NA,"40485",NA,"63548_1","63549_2","559","HSF01040","1000","RB","HSM0940","HSF0941"
"64438_2","BLACK HOOD","F",NA,"40708",NA,"63548_1","63549_2","701","HSF01040B","1000","RT","HSM0940","HSF0941"
"63934_2","BLACK HOOD","F",NA,"40497",NA,"63549_1","63550_2","579","HSF01041","1000","RB","HSM0941","HSF0942"
"64469_2","BLACK HOOD","F",NA,"40723",NA,"63549_1","63550_2","710","HSF01041B","1000","RB","HSM0941","HSF0942"
"64121_2","BROWN HOOD","F",NA,"40600",NA,"64034_1","64099_2","612","HSF01042","1000","RM","HSM0942B","HSF0943B"
"63936_2","ALBINO","F",NA,"40501",NA,"63551_1","63552_2","583","HSF01043","1000","RM","HSM0943","HSF0944"
"63937_2","BROWN HOOD","F",NA,"40490",NA,"63552_1","63553_2","573","HSF01044","1000","RB","HSM0944","HSF0945"
"64149_2","BLACK HOOD","F",NA,"40560",NA,"63553_1","63648_2","606","HSF01045","1000","RB","HSM0945","HSF0946"
"63939_2","BLACK HOOD","F",NA,"40497",NA,"63648_1","63509_2","577","HSF01046","1000","RM","HSM0946","HSF0901"
"64004_1","ALBINO","M",NA,"40502",NA,"63509_1","63510_2","589","HSM01001","1000","LM","HSM0901","HSF0902"
"63860_1","BLACK HOOD","M",NA,"40480",NA,"63510_1","63608_2","544","HSM01002","1000","LB","HSM0902","HSF0903"
"63861_1","BLACK","M",NA,"40504",NA,"63511_1","63512_2","592","HSM01003","1000","LB","HSM0903","HSF0904"
"63862_1","BLACK","M",NA,"40462",NA,"63512_1","63513_2","519","HSM01004","1000","LM","HSM0904","HSF0905"
"63863_1","BLACK HOOD","M",NA,"40466",NA,"63513_1","63514_2","509","HSM01005","1000","LB","HSM0905","HSF0906"
"63864_1","BLACK HOOD","M",NA,"40479",NA,"63514_1","63589_4","538","HSM01006","1000","LB","HSM0906","HSF0907"
"63865_1","ALBINO","M",NA,"40466",NA,"63589_3","63607_4","511","HSM01007","1000","LT","HSM0907","HSF0908"
"63866_1","ALBINO","M",NA,"40465",NA,"63607_3","63515_2","505","HSM01008","1000","LT","HSM0908","HSF0909"
"63867_1","BROWN","M",NA,"40466",NA,"63515_1","63516_2","513","HSM01009","1000","LM","HSM0909","HSF0910"
"63868_1","BLACK","M",NA,"40466",NA,"63760_3","63517_2","515","HSM01010","1000","LB","HSM0910","HSF0911"
"63869_1","BROWN HOOD","M",NA,"40466",NA,"63517_1","63518_2","517","HSM01011","1000","LT","HSM0911","HSF0912"
"63870_1","BLACK HOOD","M",NA,"40465",NA,"63518_1","63519_2","507","HSM01012","1000","LM","HSM0912","HSF0913"
"63879_1","BLACK HOOD","M",NA,"40471",NA,"63519_1","63520_2","521","HSM01013","1000","LB","HSM0913","HSF0914"
"63880_1","BLACK HOOD","M",NA,"40487",NA,"63520_1","63521_2","560","HSM01014","1000","LM","HSM0914","HSF0915"
"63881_1","BLACK HOOD","M",NA,"40461",NA,"63521_1","63522_2","523","HSM01015","1000","LT","HSM0915","HSF0916"
"63882_1","BLACK","M",NA,"40484",NA,"63522_1","63523_2","554","HSM01016","1000","LM","HSM0916","HSF0917"
"63883_1","BROWN","M",NA,"40487",NA,"63523_1","63524_2","562","HSM01017","1000","LB","HSM0917","HSF0918"
"64087_1","BROWN","M",NA,"40610",NA,"64048_1","64015_2","615","HSM01018","1000","LM","HSM0918B","HSF0919B"
"64606_1","BROWN HOOD","M",NA,"40801",NA,"64048_1","64015_2","734","HSM01018B","1000","LB","HSM0918B","HSF0919B"
"63885_1","BLACK","M",NA,"40474",NA,"63525_1","63526_2","534","HSM01019","1000","LT","HSM0919","HSF0920"
"63886_1","BLACK","M",NA,"40471",NA,"63526_1","63527_2","525","HSM01020","1000","LM","HSM0920","HSF0921"
"63887_1","ALBINO","M",NA,"40471",NA,"63527_1","63528_2","527","HSM01021","1000","LB","HSM0921","HSF0922"
"63888_1","ALBINO","M",NA,"40473",NA,"63528_1","63529_2","531","HSM01022","1000","LM","HSM0922","HSF0923"
"63889_1","BROWN","M",NA,"40473",NA,"63529_1","63530_2","533","HSM01023","1000","LB","HSM0923","HSF0924"
"63890_1","BLACK HOOD","M",NA,"40472",NA,"63530_1","63533_2","529","HSM01024","1000","LT","HSM0924","HSF0925"
"63918_1","BLACK","M",NA,"40484",NA,"63533_1","63534_2","556","HSM01025","1000","LB","HSM0925","HSF0926"
"63919_1","BLACK","M",NA,"40480",NA,"63534_1","63535_2","546","HSM01026","1000","LT","HSM0926","HSF0927"
"64299_1","BLACK HOOD","M",NA,"40637",NA,"63535_1","63536_2","617","HSM01027","1000","LM","HSM0927","HSF0928"
"63921_1","BROWN HOOD","M",NA,"40490",NA,"63536_1","63537_2","566","HSM01028","1000","LM","HSM0928","HSF0929"
"64573_1","BROWN","M",NA,"40784",NA,"63536_1","63537_2","730","HSM01028B","1000","RT","HSM0928","HSF0929"
"63922_1","BROWN HOOD","M",NA,"40480",NA,"63537_1","63538_2","548","HSM01029","1000","LM","HSM0929","HSF0930"
"63923_1","BROWN","M",NA,"40481",NA,"63538_1","63539_2","550","HSM01030","1000","LB","HSM0930","HSF0931"
"63924_1","BLACK","M",NA,"40492",NA,"63539_1","63760_4","574","HSM01031","1000","LB","HSM0931","HSF0910B"
"63925_1","BROWN","M",NA,"40490",NA,"63516_1","63541_2","567","HSM01032","1000","LB","HSM0910B","HSF0933"
"63926_1","BROWN HOOD","M",NA,"40479",NA,"63541_1","63542_2","540","HSM01033","1000","LT","HSM0933","HSF0934"
"63927_1","BLACK HOOD","M",NA,"40479",NA,"63542_1","63543_2","542","HSM01034","1000","LM","HSM0934","HSF0935"
"63928_1","ALBINO","M",NA,"40478",NA,"63543_1","63544_2","536","HSM01035","1000","LM","HSM0935","HSF0936"
"63929_1","BLACK","M",NA,"40483",NA,"63544_1","63837_2","552","HSM01036","1000","LT","HSM0936","HSF0937"
"63930_1","BROWN","M",NA,"40501",NA,"63837_1","63546_2","580","HSM01037","1000","LB","HSM0937","HSF0938"
"63931_1","BLACK HOOD","M",NA,"40490",NA,"63546_1","63547_2","569","HSM01038","1000","LT","HSM0938","HSF0939"
"63932_1","BLACK","M",NA,"40489",NA,"63547_1","63548_2","564","HSM01039","1000","LT","HSM0939","HSF0940"
"63933_1","BLACK HOOD","M",NA,"40485",NA,"63512_1","63549_2","558","HSM01040","1000","LT","HSM0904","HSF0941"
"64438_1","BLACK HOOD","M",NA,"40708",NA,"63548_1","63549_2","700","HSM01040B","1000","LT","HSM0940","HSF0941"
"63934_1","BLACK HOOD","M",NA,"40497",NA,"63549_1","63550_2","578","HSM01041","1000","LM","HSM0941","HSF0942"
"64469_1","BLACK HOOD","M",NA,"40723",NA,"63549_1","63550_2","709","HSM01041B","1000","LB","HSM0941","HSF0942"
"64121_1","BROWN HOOD","M",NA,"40600",NA,"64034_1","64099_2","611","HSM01042","1000","LT","HSM0942B","HSF0943B"
"63936_1","BROWN HOOD","M",NA,"40501",NA,"63551_1","63552_2","582","HSM01043","1000","LT","HSM0943","HSF0944"
"63937_1","ALBINO","M",NA,"40490",NA,"63552_1","63553_2","571","HSM01044","1000","LM","HSM0944","HSF0945"
"63938_1","BROWN HOOD","M",NA,"40901",NA,"63553_1","63648_2","603","HSM01045","1000","LM","HSM0945","HSF0946"
"63939_1","BLACK HOOD","M",NA,"40497",NA,"63648_1","63509_2","576","HSM01046","1000","LT","HSM0946","HSF0901"
"64382_2","BLACK.HOOD","F",NA,"40687",NA,"64004_1","63860_2","692","HSF01101","1100","RT","HSM01001","HSF01002"
"64553_2","ALBINO","F",NA,"40773",NA,"63860_1","63861_2","725","HSF01102","1100","RM","HSM01002","HSF01003"
"64270_2","BLACK","F",NA,"40664",NA,"63861_1","63862_2","630","HSF01103","1100","RB","HSM01003","HSF01004"
"64271_2","BLACK","F",NA,"40664",NA,"63862_1","63863_2","639","HSF01104","1100","RT","HSM01004","HSF01005"
"64272_2","BLACK.HOOD","F",NA,"40660",NA,"63863_1","63864_2","619","HSF01105","1100","RT","HSM01005","HSF01006"
"64273_2","BROWN","F",NA,"40665",NA,"63864_1","63865_2","644","HSF01106","1100","RB","HSM01006","HSF01007"
"64535_2","ALBINO","F",NA,"40766",NA,"63864_1","63865_2","719","HSF01106B","1100","RM","HSM01006","HSF01007"
"64274_2","BLACK","F",NA,"40660",NA,"63865_1","63866_2","621","HSF01107","1100","RM","HSM01007","HSF01008"
"64275_2","ALBINO","F",NA,"40664",NA,"63866_1","63867_2","642","HSF01108","1100","RM","HSM01008","HSF01009"
"64276_2","BROWN.HOOD","F",NA,"40660",NA,"63867_1","63868_2","623","HSF01109","1100","RB","HSM01009","HSF01010"
"64277_2","BLACK","F",NA,"40674",NA,"63868_1","63869_2","663","HSF01110","1100","RT","HSM01010","HSF01011"
"64278_2","BROWN.HOOD","F",NA,"40660",NA,"63869_1","63870_2","625","HSF01111","1100","RT","HSM01011","HSF01012"
"64279_2","BLACK.HOOD","F",NA,"40661",NA,"63870_1","63879_2","628","HSF01112","1100","RM","HSM01012","HSF01013"
"64280_2","BLACK.HOOD","F",NA,"40667",NA,"63879_1","63880_2","646","HSF01113","1100","RT","HSM01013","HSF01014"
"64281_2","BLACK.HOOD","F",NA,"40667",NA,"63880_1","63881_2","649","HSF01114","1100","RM","HSM01014","HSF01015"
"64282_2","BLACK.HOOD","F",NA,"40667",NA,"63881_1","63882_2","652","HSF01115","1100","RB","HSM01015","HSF01016"
"64283_2","BROWN.HOOD","F",NA,"40669",NA,"63882_1","63883_2","635","HSF01116","1100","RB","HSM01016","HSF01017"
"64284_2","BLACK.HOOD","F",NA,"40670",NA,"63883_1","64087_2","656","HSF01117","1100","RT","HSM01017","HSF01018"
"64556_2","BLACK.HOOD","F",NA,"40773",NA,"63883_1","64087_2","728","HSF01117B","1100","RT","HSM01017","HSF01018"
"64286_2","BROWN","F",NA,"40668",NA,"63885_1","63886_2","654","HSF01119","1100","RT","HSM01019","HSF01020"
"64540_2","BROWN","F",NA,"40771",NA,"63885_1","63886_2","723","HSF01119B","1100","RT","HSM01019","HSF01020"
"64287_2","BLACK","F",NA,"40668",NA,"63886_1","63887_2","633","HSF01120","1100","RT","HSM01020","HSF01021"
"64288_2","BROWN.HOOD","F",NA,"40670",NA,"63887_1","63888_2","658","HSF01121","1100","RM","HSM01021","HSF01022"
"64419_2","BLACK.HOOD","F",NA,"40705",NA,"63888_1","64010_2","699","HSF01122","1100","RT","HSM01022","HSF01023"
"64290_2","BROWN.HOOD","F",NA,"40670",NA,"63889_1","63890_2","660","HSF01123","1100","RB","HSM01023","HSF01024"
"64291_2","BLACK.HOOD","F",NA,"40668",NA,"63890_1","63918_2","637","HSF01124","1100","RM","HSM01024","HSF01025"
"64314_2","BLACK.HOOD","F",NA,"40711",NA,"63918_1","63919_2","703","HSF01125","1100","RM","HSM01025","HSF01026"
"64315_2","BLACK","F",NA,"40676",NA,"63919_1","63920_2","671","HSF01126","1100","RM","HSM01026","HSF01027"
"64381_2","BROWN.HOOD","F",NA,"40729",NA,"64299_1","64372_2","712","HSF01127","1100","RB","HSM01027","HSF01028"
"64317_2","BROWN.HOOD","F",NA,"40676",NA,"63922_1","63923_2","673","HSF01129","1100","RB","HSM01029","HSF01030"
"64318_2","BROWN","F",NA,"40674",NA,"63923_1","63924_2","665","HSF01130","1100","RM","HSM01030","HSF01031"
"64319_2","BROWN","F",NA,"40676",NA,"63924_1","63925_2","675","HSF01131","1100","RT","HSM01031","HSF01032"
"64320_2","BROWN","F",NA,"40676",NA,"63925_1","63926_2","677","HSF01132","1100","RM","HSM01032","HSF01033"
"64321_2","BROWN.HOOD","F",NA,"40674",NA,"63926_1","63927_2","667","HSF01133","1100","TB","HSM01033","HSF01034"
"64322_2","BLACK.HOOD","F",NA,"40676",NA,"63927_1","63928_2","679","HSF01134","1100","RB","HSM01034","HSF01035"
"64799_2","BROWN.HOOD","F",NA,"40906",NA,"63927_1","63928_2","830","HSF01134B","1100","RM","HSM01034","HSF01035"
"64323_2","BLACK","F",NA,"40676",NA,"63928_1","63929_2","681","HSF01135","1100","RT","HSM01035","HSF01036"
"64324_2","BLACK","F",NA,"40675",NA,"63929_1","63930_2","669","HSF01136","1100","RT","HSM01036","HSF01037"
"64325_2","BLACK","F",NA,"40681",NA,"63930_1","63931_2","683","HSF01137","1100","RM","HSM01037","HSF01038"
"64776_2","BROWN","F",NA,"40895",NA,"63930_1","63931_2","826","HSF01137B","1100","RT","HSM01037","HSF01038"
"64326_2","BLACK","F",NA,"40683",NA,"63931_1","63932_2","687","HSF01138","1100","RT","HSM01038","HSF01039"
"64487_2","BLACK.HOOD","F",NA,"40791",NA,"64438_1","64469_2","733","HSF01140","1100","RM","HSM01040B","HSF01041B"
"64329_2","BLACK.HOOD","F",NA,"40769",NA,"63934_1","64121_2","721","HSF01141","1100","RB","HSM01041","HSF01042"
"64330_2","BROWN.HOOD","F",NA,"40683",NA,"64121_1","63936_2","689","HSF01142","1100","RM","HSM01042","HSF01043"
"64543_2","BROWN.HOOD","F",NA,"40765",NA,"64121_1","63936_2","716","HSF01142B","1100","RT","HSM01042","HSF01043"
"64331_2","ALBINO","F",NA,"40683",NA,"63936_1","63937_2","691","HSF01143","1100","RB","HSM01043","HSF01044"
"64332_2","BLACK.HOOD","F",NA,"40695",NA,"63937_1","64149_2","697","HSF01144","1100","RB","HSM01044","HSF01045"
"64333_2","BROWN.HOOD","F",NA,"40692",NA,"63938_1","63939_2","695","HSF01145","1100","RM","HSM01045","HSF01046"
"64334_2","ALBINO","F",NA,"40683",NA,"63939_1","64004_2","685","HSF01146","1100","RB","HSM01046","HSF01001"
"64844_2","BROWN.HOOD","F",NA,"40918",NA,"64121_1","63936_2","833","HSF01142BB","1100","RB","HSM01042","HSF01043"
"64268_1","BLACK","M",NA,"40661",NA,"64004_1","63860_2","626","HSM01101","1100","LM","HSM01001","HSF01002"
"64553_1","BLACK.HOOD","M",NA,"40773",NA,"63860_1","63861_2","726","HSM01102","1100","LT","HSM01002","HSF01003"
"64270_1","BLACK.HOOD","M",NA,"40664",NA,"63861_1","63862_2","629","HSM01103","1100","LT","HSM01003","HSF01004"
"64271_1","BROWN","M",NA,"40664",NA,"63862_1","63863_2","638","HSM01104","1100","LM","HSM01004","HSF01005"
"64272_1","BLACK.HOOD","M",NA,"40660",NA,"63863_1","63864_2","618","HSM01105","1100","LT","HSM01005","HSF01006"
"64273_1","BLACK","M",NA,"40665",NA,"63864_1","63865_2","643","HSM01106","1100","LT","HSM01006","HSF01007"
"64535_1","BLACK.HOOD","M",NA,"40766",NA,"63864_1","63865_2","718","HSM01106B","1100","LT","HSM01006","HSF01007"
"64274_1","ALBINO","M",NA,"40660",NA,"63865_1","63866_2","620","HSM01107","1100","LM","HSM01007","HSF01008"
"64275_1","ALBINO","M",NA,"40664",NA,"63866_1","63867_2","641","HSM01108","1100","LB","HSM01008","HSF01009"
"64276_1","BROWN","M",NA,"40660",NA,"63867_1","63868_2","622","HSM01109","1100","LB","HSM01009","HSF01010"
"64277_1","BLACK.HOOD","M",NA,"40674",NA,"63868_1","63869_2","662","HSM01110","1100","LT","HSM01010","HSF01011"
"64278_1","BLACK.HOOD","M",NA,"40660",NA,"63869_1","63870_2","624","HSM01111","1100","LT","HSM01011","HSF01012"
"64279_1","BLACK.HOOD","M",NA,"40661",NA,"63870_1","63879_2","627","HSM01112","1100","LB","HSM01012","HSF01013"
"64280_1","BLACK.HOOD","M",NA,"40667",NA,"63879_1","63880_2","645","HSM01113","1100","LM","HSM01013","HSF01014"
"64281_1","BLACK.HOOD","M",NA,"40667",NA,"63880_1","63881_2","650","HSM01114","1100","LB","HSM01014","HSF01015"
"64282_1","BLACK.HOOD","M",NA,"40667",NA,"63881_1","63882_2","651","HSM01115","1100","LT","HSM01015","HSF01016"
"64283_1","ALBINO","M",NA,"40669",NA,"63882_1","63883_2","634","HSM01116","1100","LB","HSM01016","HSF01017"
"64284_1","BLACK.HOOD","M",NA,"40670",NA,"63883_1","64087_2","655","HSM01117","1100","LT","HSM01017","HSF01018"
"64556_1","BROWN","M",NA,"40773",NA,"63883_1","64087_2","727","HSM01117B","1100","LT","HSM01017","HSF01018"
"64286_1","BROWN","M",NA,"40668",NA,"63885_1","63886_2","653","HSM01119","1100","LM","HSM01019","HSF01020"
"64540_1","BLACK","M",NA,"40771",NA,"63885_1","63886_2","722","HSM01119B","1100","LB","HSM01019","HSF01020"
"64287_1","BLACK","M",NA,"40668",NA,"63886_1","63887_2","631","HSM01120","1100","LT","HSM01020","HSF01021"
"64288_1","BLACK.HOOD","M",NA,"40670",NA,"63887_1","63888_2","657","HSM01121","1100","LM","HSM01021","HSF01022"
"64419_1","BROWN.HOOD","M",NA,"40705",NA,"63888_1","64010_2","698","HSM01122","1100","LB","HSM01022","HSF01023"
"64290_1","BROWN","M",NA,"40670",NA,"63889_1","63890_2","659","HSM01123","1100","LB","HSM01023","HSF01024"
"64291_1","BLACK.HOOD","M",NA,"40668",NA,"63890_1","63918_2","636","HSM01124","1100","LM","HSM01024","HSF01025"
"64314_1","BLACK","M",NA,"40711",NA,"63918_1","63919_2","702","HSM01125","1100","LT","HSM01025","HSF01026"
"64315_1","BLACK.HOOD","M",NA,"40676",NA,"63919_1","63920_2","670","HSM01126","1100","LM","HSM01026","HSF01027"
"64381_1","BLACK","M",NA,"40729",NA,"64299_1","64372_2","711","HSM01127","1100","LM","HSM01027","HSF01028"
"64317_1","BLACK.HOOD","M",NA,"40676",NA,"63922_1","63923_2","672","HSM01129","1100","LB","HSM01029","HSF01030"
"64318_1","BROWN.HOOD","M",NA,"40674",NA,"63923_1","63924_2","664","HSM01130","1100","LM","HSM01030","HSF01031"
"64319_1","BROWN","M",NA,"40676",NA,"63924_1","63925_2","674","HSM01131","1100","LT","HSM01031","HSF01032"
"64320_1","BROWN.HOOD","M",NA,"40676",NA,"63925_1","63926_2","676","HSM01132","1100","LM","HSM01032","HSF01033"
"64321_1","ALBINO","M",NA,"40674",NA,"63926_1","63927_2","666","HSM01133","1100","LB","HSM01033","HSF01034"
"64774_1","BLACK.HOOD","M",NA,"40895",NA,"63926_1","63927_2","825","HSM01133B","1100","LT","HSM01033","HSF01034"
"64322_1","ALBINO","M",NA,"40676",NA,"63927_1","63928_2","678","HSM01134","1100","LB","HSM01034","HSF01035"
"64323_1","BROWN","M",NA,"40676",NA,"63928_1","63929_2","680","HSM01135","1100","LT","HSM01035","HSF01036"
"64324_1","BROWN","M",NA,"40675",NA,"63929_1","63930_2","668","HSM01136","1100","LT","HSM01036","HSF01037"
"64325_1","BROWN","M",NA,"40681",NA,"63930_1","63931_2","682","HSM01137","1100","LM","HSM01037","HSF01038"
"64326_1","BLACK.HOOD","M",NA,"40683",NA,"63931_1","63932_2","686","HSM01138","1100","LT","HSM01038","HSF01039"
"64487_1","BLACK.HOOD","M",NA,"40791",NA,"64438_1","64469_2","732","HSM01140","1100","LM","HSM01040B","HSF01041B"
"64329_1","BROWN.HOOD","M",NA,"40769",NA,"63934_1","64121_2","720","HSM01141","1100","LM","HSM01041","HSF01042"
"64330_1","BROWN.HOOD","M",NA,"40683",NA,"64121_1","63936_2","688","HSM01142","1100","LM","HSM01042","HSF01043"
"64543_1","BROWN.HOOD","M",NA,"40765",NA,"64121_1","63936_2","715","HSM01142B","1100","LB","HSM01042","HSF01043"
"64331_1","BROWN.HOOD","M",NA,"40683",NA,"63936_1","63937_2","690","HSM01143","1100","LB","HSM01043","HSF01044"
"64332_1","BLACK.HOOD","M",NA,"40695",NA,"63937_1","64149_2","696","HSM01144","1100","LM","HSM01044","HSF01045"
"64333_1","BLACK.HOOD","M",NA,"40692",NA,"63938_1","63939_2","693","HSM01145","1100","LT","HSM01045","HSF01046"
"64334_1","BLACK.HOOD","M",NA,"40683",NA,"63939_1","64004_2","684","HSM01146","1100","LB","HSM01046","HSF01001"
"64659_2","BLACK.HOOD","F",NA,"40867",NA,"64268_1","64553_2","754","HSF01201","1200","RM","HSM01101","HSF01102"
"64660_2","ALBINO","F",NA,"40870",NA,"64553_1","64270_2","756","HSF01202","1200","RB","HSM01102","HSF01103"
"64661_2","BLACK.HOOD","F",NA,"40863",NA,"64270_1","64271_2","737","HSF01203","1200","RT","HSM01103","HSF01104"
"64999_1","BLACK.HOOD","F",NA,"41016",NA,"64270_1","64271_2","858","HSF01203B","1200","RM","HSM01103","HSF01104"
"64662_2","BROWN","F",NA,"40864",NA,"64271_1","64272_2","743","HSF01204","1200","RT","HSM01104","HSF01105"
"64663_2","ALBINO","F",NA,"40864",NA,"64272_1","64273_2","745","HSF01205","1200","RM","HSM01105","HSF01106"
"64664_2","BLACK.HOOD","F",NA,"40879",NA,"64273_1","64274_2","786","HSF01206","1200","RB","HSM01106","HSF01107"
"64665_2","ALBINO","F",NA,"40877",NA,"64274_1","64275_2","780","HSF01207","1200","RB","HSM01107","HSF01108"
"64666_2","BROWN","F",NA,"40863",NA,"64275_1","64276_2","739","HSF01208","1200","RM","HSM01108","HSF01109"
"64667_2","BLACK","F",NA,"40865",NA,"64276_1","64277_2","752","HSF01209","1200","RT","HSM01109","HSF01110"
"64668_2","BLACK.HOOD","F",NA,"40891",NA,"64277_1","64278_2","816","HSF01210","1200","RT","HSM01110","HSF01111"
"64669_2","BLACK.HOOD","F",NA,"40864",NA,"64278_1","64279_2","747","HSF01211","1200","LB","HSM01111","HSF01112"
"64670_2","BLACK.HOOD","F",NA,"40863",NA,"64279_1","64280_2","741","HSF01212","1200","RB","HSM01112","HSF01113"
"64671_2","BLACK.HOOD","F",NA,"40872",NA,"64280_1","64281_2","766","HSF01213","1200","RM","HSM01113","HSF01114"
"64672_2","BLACK.HOOD","F",NA,"40872",NA,"64281_1","64282_2","768","HSF01214","1200","RB","HSM01114","HSF01115"
"64673_2","BLACK.HOOD","F",NA,"40870",NA,"64282_1","64283_2","758","HSF01215","1200","RT","HSM01115","HSF01116"
"64674_2","BLACK.HOOD","F",NA,"40870",NA,"64283_1","64284_2","760","HSF01216","1200","RM","HSM01116","HSF01117"
"64708_2","BROWN.HOOD","F",NA,"40942",NA,"64284_1","64543_2","837","HSF01217","1200","RB","HSM01117","HSF01142B"
"65030_1","BROWN.HOOD","F",NA,"41037",NA,"64284_1","64543_2","859","HSF01217B","1200","RB","HSM01117","HSF01142B"
"64709_2","BROWN","F",NA,"40898",NA,"64543_1","64286_2","822","HSF01218","1200","RT","HSM01142B","HSF01119"
"64675_2","BROWN","F",NA,"40870",NA,"64286_1","64287_2","762","HSF01219","1200","RB","HSM01119","HSF01120"
"64676_2","BLACK.HOOD","F",NA,"40872",NA,"64287_1","64288_2","770","HSF01220","1200","RT","HSM01120","HSF01121"
"64677_2","BLACK.HOOD","F",NA,"40872",NA,"64288_1","64419_2","772","HSF01221","1200","RM","HSM01121","HSF01122"
"64678_2","BLACK.HOOD","F",NA,"40872",NA,"64419_1","64290_2","774","HSF01222","1200","RB","HSM01122","HSF01123"
"64679_2","BROWN","F",NA,"40873",NA,"64290_1","64291_2","778","HSF01223","1200","RM","HSM01123","HSF01124"
"64680_2","ALBINO","F",NA,"40872",NA,"64291_1","64314_2","776","HSF01224","1200","RT","HSM01124","HSF01125"
"64681_2","BLACK","F",NA,"40890",NA,"64314_1","64315_2","812","HSF01225","1200","RM","HSM01125","HSF01126"
"64682_2","BROWN.HOOD","F",NA,"40870",NA,"64315_1","64381_2","764","HSF01226","1200","RT","HSM01126","HSF01127"
"64710_2","BLACK.HOOD","F",NA,"40886",NA,"64381_1","64535_2","798","HSF01227","1200","RM","HSM01127","HSF01106B"
"64711_2","BROWN.HOOD","F",NA,"40888",NA,"64535_1","64317_2","806","HSF01228","1200","RM","HSM01106B","HSF01129"
"64693_2","BLACK","F",NA,"40879",NA,"64317_1","64318_2","788","HSF01229","1200","RT","HSM01129","HSF01130"
"64694_2","BROWN","F",NA,"40900",NA,"64318_1","64319_2","824","HSF01230","1200","RM","HSM01130","HSF01131"
"64695_2","BROWN.HOOD","F",NA,"40889",NA,"64319_1","64320_2","818","HSF01231","1200","RM","HSM01131","HSF01132"
"64696_2","BROWN.HOOD","F",NA,"40878",NA,"64320_1","64321_2","782","HSF01232","1200","RT","HSM01132","HSF01133"
"64958_1","BLACK.HOOD","F",NA,"40993",NA,"64774_1","64799_2","853","HSF01233","1200","RT","HSM01133B","HSF01134B"
"65258_2","BLACK.HOOD","F",NA,"41148",NA,"64774_1","64799_2","973","HSF01233B","1200","RT","HSM01133B","HSF01134B"
"64698_2","ALBINO","F",NA,"40879",NA,"64322_1","64323_2","790","HSF01234","1200","RM","HSM01134","HSF01135"
"65228_2","BLACK.HOOD","F",NA,"41131",NA,"64322_1","64323_2","962","HSF01234B","1200","RT","HSM01134","HSF01135"
"64699_2","BROWN","F",NA,"40879",NA,"64323_1","64324_2","792","HSF01235","1200","RB","HSM01135","HSF01136"
"64700_2","BROWN","F",NA,"40926",NA,"64324_1","64325_2","835","HSF01236","1200","RM","HSM01136","HSF01137"
"64996_1","BLACK","F",NA,"41015",NA,"64324_1","64325_2","857","HSF01236B","1200","RT","HSM01136","HSF01137"
"64701_2","BROWN","F",NA,"40878",NA,"64325_1","64326_2","784","HSF01237","1200","RM","HSM01137","HSF01138"
"64712_2","BLACK.HOOD","F",NA,"40887",NA,"64326_1","64556_2","800","HSF01238","1200","RB","HSM01138","HSF01117B"
"64713_2","BLACK","F",NA,"40888",NA,"64556_1","64487_2","808","HSF01239","1200","RB","HSM01117B","HSF01140"
"65075_1","BROWN","F",NA,"41067",NA,"64556_1","64487_2","865","HSF01239B","1200","LT","HSM01172","HSF01140"
"64702_2","BLACK.HOOD","F",NA,"40903",NA,"64487_1","64329_2","828","HSF01240","1200","RB","HSM01140","HSF01141"
"64829_2","BROWN.HOOD","F",NA,"40912",NA,"64329_1","64330_2","832","HSF01241","1200","RT","HSM01141","HSF01142"
"64704_2","ALBINO","F",NA,"40879",NA,"64330_1","64331_2","794","HSF01242","1200","RT","HSM01142","HSF01143"
"64714_2","BROWN.HOOD","F",NA,"40887",NA,"64331_1","64332_2","802","HSF01243","1200","RT","HSM01143","HSF01144"
"64715_2","BLACK.HOOD","F",NA,"40890",NA,"64332_1","64333_2","814","HSF01244","1200","RB","HSM01144","HSF01145"
"64716_2","ALBINO","F",NA,"40888",NA,"64333_1","64334_2","810","HSF01245","1200","RT","HSM01145","HSF01146"
"64717_2","ALBINO","F",NA,"40896",NA,"64334_1","64382_2","820","HSF01246","1200","RB","HSM01146","HSF01101"
"64659_1","BLACK","M",NA,"40867",NA,"64268_1","64553_2","753","HSM01201","1200","LM","HSM01101","HSF01102"
"64660_1","BLACK.HOOD","M",NA,"40870",NA,"64553_1","64270_2","755","HSM01202","1200","LB","HSM01102","HSF01103"
"64998_1","BLACK","M",NA,"41020",NA,"64553_1","64270_2","860","HSM01202B","1200","LT","HSM01102","HSF01103"
"64661_1","BLACK","M",NA,"40863",NA,"64270_1","64271_2","735","HSM01203","1200","LT","HSM01103","HSF01104"
"64662_1","BROWN.HOOD","M",NA,"40864",NA,"64271_1","64272_2","742","HSM01204","1200","LT","HSM01104","HSF01105"
"64663_1","BROWN","M",NA,"40864",NA,"64272_1","64273_2","744","HSM01205","1200","LM","HSM01105","HSF01106"
"64664_1","BLACK","M",NA,"40879",NA,"64273_1","64274_2","785","HSM01206","1200","LB","HSM01106","HSF01107"
"64665_1","ALBINO","M",NA,"40877",NA,"64274_1","64275_2","779","HSM01207","1200","LB","HSM01107","HSF01108"
"64666_1","ALBINO","M",NA,"40863",NA,"64275_1","64276_2","738","HSM01208","1200","LM","HSM01108","HSF01109"
"64667_1","BLACK","M",NA,"40865",NA,"64276_1","64277_2","751","HSM01209","1200","LT","HSM01109","HSF01110"
"64668_1","BROWN.HOOD","M",NA,"40891",NA,"64277_1","64278_2","815","HSM01210","1200","LT","HSM01110","HSF01111"
"64669_1","BLACK.HOOD","M",NA,"40864",NA,"64278_1","64279_2","746","HSM01211","1200","LB","HSM01111","HSF01112"
"64670_1","BLACK.HOOD","M",NA,"40863",NA,"64279_1","64280_2","740","HSM01212","1200","LB","HSM01112","HSF01113"
"64671_1","BLACK.HOOD","M",NA,"40872",NA,"64280_1","64281_2","765","HSM01213","1200","LM","HSM01113","HSF01114"
"64672_1","BLACK.HOOD","M",NA,"40872",NA,"64281_1","64282_2","767","HSM01214","1200","LB","HSM01114","HSF01115"
"64673_1","BROWN.HOOD","M",NA,"40870",NA,"64282_1","64283_2","757","HSM01215","1200","LT","HSM01115","HSF01116"
"64674_1","ALBINO","M",NA,"40870",NA,"64283_1","64284_2","759","HSM01216","1200","LM","HSM01116","HSF01117"
"64708_1","BROWN.HOOD","M",NA,"40942",NA,"64556_1","64487_2","836","HSM01217","1200","LB","HSM01117B","HSF01140"
"64709_1","BROWN","M",NA,"40898",NA,"64543_1","64286_2","821","HSM01218","1200","LT","HSM01142B","HSF01119"
"65208_1","BROWN","M",NA,"41127",NA,"64543_1","64286_2","953","HSM01218B","1200","LT","HSM01142B","HSF01119"
"64675_1","BLACK","M",NA,"40870",NA,"64286_1","64287_2","761","HSM01219","1200","LB","HSM01119","HSF01120"
"64676_1","BROWN","M",NA,"40872",NA,"64287_1","64288_2","769","HSM01220","1200","LT","HSM01120","HSF01121"
"64677_1","ALBINO","M",NA,"40872",NA,"64288_1","64419_2","771","HSM01221","1200","LM","HSM01121","HSF01122"
"64678_1","BROWN.HOOD","M",NA,"40872",NA,"64419_1","64290_2","773","HSM01222","1200","LB","HSM01122","HSF01123"
"64679_1","BLACK.HOOD","M",NA,"40873",NA,"64290_1","64291_2","777","HSM01223","1200","LM","HSM01123","HSF01124"
"64680_1","ALBINO","M",NA,"40872",NA,"64291_1","64314_2","775","HSM01224","1200","LT","HSM01124","HSF01125"
"65225_1","ALBINO","M",NA,"41133",NA,"64291_1","64314_2","964","HSM01224B","1200","LB","HSM01124","HSF01125"
"64681_1","BLACK.HOOD","M",NA,"40890",NA,"64314_1","64315_2","811","HSM01225","1200","LM","HSM01125","HSF01126"
"64682_1","BLACK.HOOD","M",NA,"40870",NA,"64315_1","64381_2","763","HSM01226","1200","LT","HSM01126","HSF01127"
"64710_1","BLACK","M",NA,"40886",NA,"64381_1","64535_2","797","HSM01227","1200","LM","HSM01127","HSF01106B"
"64711_1","BLACK.HOOD","M",NA,"40888",NA,"64535_1","64317_2","805","HSM01228","1200","LM","HSM01106B","HSF01129"
"64693_1","BLACK.HOOD","M",NA,"40879",NA,"64317_1","64318_2","787","HSM01229","1200","LT","HSM01129","HSF01130"
"64694_1","BLACK.HOOD","M",NA,"40900",NA,"64318_1","64319_2","823","HSM01230","1200","LM","HSM01130","HSF01131"
"64695_1","BROWN","M",NA,"40889",NA,"64319_1","64320_2","817","HSM01231","1200","LM","HSM01131","HSF01132"
"65227_1","BROWN","M",NA,"41135",NA,"64319_1","64320_2","965","HSM01231B","1200","LT","HSM01131","HSF01132"
"64696_1","BROWN.HOOD","M",NA,"40878",NA,"64320_1","64321_2","781","HSM01232","1200","LT","HSM01132","HSF01133"
"64833_1","ALBINO","M",NA,"40970",NA,"64774_1","64799_2","839","HSM01233","1200","LT","HSM01133B","HSF01134B"
"64698_1","BROWN","M",NA,"40879",NA,"64322_1","64323_2","789","HSM01234","1200","LM","HSM01134","HSF01135"
"65228_1","ALBINO","M",NA,"41131",NA,"64322_1","64323_2","961","HSM01234B","1200","LM","HSM01134","HSF01135"
"64699_1","BLACK","M",NA,"40879",NA,"64323_1","64324_2","791","HSM01235","1200","LB","HSM01135","HSF01136"
"64972_1","BROWN","M",NA,"40998",NA,"64323_1","64324_2","856","HSM01235B","1200","LT","HSM01135","HSF01136"
"64700_1","BLACK","M",NA,"40926",NA,"64324_1","64325_2","834","HSM01236","1200","LM","HSM01136","HSF01137"
"64701_1","BLACK","M",NA,"40878",NA,"64325_1","64326_2","783","HSM01237","1200","LM","HSM01137","HSF01138"
"64712_1","BLACK.HOOD","M",NA,"40887",NA,"64326_1","64556_2","799","HSM01238","1200","LB","HSM01138","HSF01117B"
"65056_1","BLACK.HOOD","M",NA,"41056",NA,"64326_1","64556_2","863","HSM01238B","1200","RT","HSM01138","HSF01117B"
"64713_1","BROWN","M",NA,"40888",NA,"64556_1","64487_2","807","HSM01239","1200","LB","HSM01117B","HSF01140"
"64702_1","BLACK.HOOD","M",NA,"40903",NA,"64487_1","64329_2","827","HSM01240","1200","LB","HSM01140","HSF01141"
"65229_1","BLACK.HOOD","M",NA,"41131",NA,"64487_1","64329_2","963","HSM01240B","1200","LB","HSM01140","HSF01141"
"64829_1","BROWN.HOOD","M",NA,"40912",NA,"64329_1","64330_2","831","HSM01241","1200","LT","HSM01141","HSF01142"
"64704_1","BROWN.HOOD","M",NA,"40879",NA,"64330_1","64331_2","793","HSM01242","1200","LT","HSM01142","HSF01143"
"64714_1","BLACK.HOOD","M",NA,"40887",NA,"64331_1","64332_2","801","HSM01243","1200","LT","HSM01143","HSF01144"
"64715_1","BROWN.HOOD","M",NA,"40890",NA,"64332_1","64333_2","813","HSM01244","1200","LB","HSM01144","HSF01145"
"64716_1","BLACK.HOOD","M",NA,"40888",NA,"64333_1","64334_2","809","HSM01245","1200","LT","HSM01145","HSF01146"
"64717_1","BLACK.HOOD","M",NA,"40896",NA,"64334_1","64382_2","819","HSM01246","1200","LB","HSM01146","HSF01101"
"65144_2","ALBINO","F",NA,"41449",NA,"64659_1","64660_2","875","HSF01301","1300","RT","HSM01201","HSF01202"
"65093_2","BLACK.HOOD","F",NA,"41449",NA,"64660_1","64661_2","877","HSF01302","1300","RM","HSM01202","HSF01203"
"65094_2","BROWN","F",NA,"41449",NA,"64661_1","64662_2","879","HSF01303","1300","RB","HSM01203","HSF01204"
"65095_2","BROWN.HOOD","F",NA,"41447",NA,"64662_1","64663_2","871","HSF01304","1300","RM","HSM01204","HSF01205"
"65096_2","BROWN.HOOD","F",NA,"41472",NA,"64663_1","64664_2","921","HSF01305","1300","RM","HSM01205","HSF01206"
"65097_2","BLACK","F",NA,"41447",NA,"64664_1","64665_2","873","HSF01306","1300","RB","HSM01206","HSF01207"
"65099_2","BROWN","F",NA,"41493",NA,"64666_1","64667_2","960","HSF01308","1300","RB","HSM01208","HSF01209"
"65236_2","BLACK","F",NA,"41499",NA,"64667_1","64668_2","968","HSF01309","1300","RT","HSM01209","HSF01210"
"65101_2","BROWN.HOOD","F",NA,"41459",NA,"64668_1","64669_2","894","HSF01310","1300","RB","HSM01210","HSF01211"
"65102_2","BLACK.HOOD","F",NA,"41480",NA,"64669_1","64670_2","939","HSF01311","1300","RM","HSM01211","HSF01212"
"65103_2","BLACK.HOOD","F",NA,"41446",NA,"64670_1","64671_2","869","HSF01312","1300","RT","HSM01212","HSF01213"
"65104_2","BLACK.HOOD","F",NA,"41454",NA,"64671_1","64672_2","886","HSF01313","1300","RM","HSM01213","HSF01214"
"65105_2","BLACK.HOOD","F",NA,"41452",NA,"64672_1","64673_2","881","HSF01314","1300","RM","HSM01214","HSF01215"
"65106_2","BROWN.HOOD","F",NA,"41454",NA,"64673_1","64674_2","887","HSF01315","1300","RB","HSM01215","HSF01216"
"65107_2","BROWN.HOOD","F",NA,"41482",NA,"65229_1","65030_1","948","HSF01316","1300","RT","HSM01240B","HSF01217B"
"65108_2","BROWN","F",NA,"41454",NA,"64708_1","64709_2","890","HSF01317","1300","RT","HSM01217","HSF01218"
"65109_2","BROWN","F",NA,"41492",NA,"64709_1","64675_2","955","HSF01318","1300","RT","HSM01218","HSF01219"
"65110_2","BLACK","F",NA,"41454",NA,"64675_1","64676_2","892","HSF01319","1300","RM","HSM01219","HSF01220"
"65471_2","BLACK","F",NA,"41287",NA,"64675_1","64676_2","983","HSF01319B","1300","RT","HSM01219","HSF01220"
"65111_2","BROWN.HOOD","F",NA,"41452",NA,"64676_1","64677_2","882","HSF01320","1300","RB","HSM01220","HSF01221"
"65112_2","BLACK.HOOD","F",NA,"41453",NA,"64677_1","64678_2","884","HSF01321","1300","RT","HSM01221","HSF01222"
"65113_2","BLACK.HOOD","F",NA,"41481",NA,"64678_1","64679_2","945","HSF01322","1300","RM","HSM01222","HSF01223"
"65114_2","BLACK.HOOD","F",NA,"41492",NA,"64679_1","64680_2","958","HSF01323","1300","RM","HSM01223","HSF01224"
"65115_2","BLACK","F",NA,"41466",NA,"64680_1","64681_2","908","HSF01324","1300","RB","HSM01224","HSF01225"
"65610_2","BLACK","F",NA,"41351",NA,"64680_1","64681_2","1072","HSF01324B","1300","RT","HSM01224","HSF01225"
"65116_2","BLACK.HOOD","F",NA,"41459",NA,"64681_1","64682_2","896","HSF01325","1300","RT","HSM01225","HSF01226"
"65198_2","BLACK.HOOD","F",NA,"41481",NA,"64682_1","64710_2","946","HSF01326","1300","RB","HSM01226","HSF01227"
"65118_2","BLACK","F",NA,"41474",NA,"64710_1","64711_2","928","HSF01327","1300","RM","HSM01227","HSF01228"
"65119_2","BLACK","F",NA,"41464",NA,"64711_1","64693_2","904","HSF01328","1300","RT","HSM01228","HSF01229"
"65120_2","BROWN","F",NA,"41460",NA,"64693_1","64694_2","899","HSF01329","1300","RM","HSM01229","HSF01230"
"65121_2","BLACK.HOOD","F",NA,"41467",NA,"64694_1","64695_2","911","HSF01330","1300","RT","HSM01230","HSF01231"
"65122_2","BROWN","F",NA,"41499",NA,"64695_1","64696_2","970","HSF01331","1300","RM","HSM01231","HSF01232"
"65414_2","BROWN.HOOD","F",NA,"41614",NA,"65227_1","65228_2","978","HSF01331B","1300","RB","HSM01231B","HSF01234B"
"65123_2","BLACK.HOOD","F",NA,"41472",NA,"64696_1","64958_1","923","HSF01332","1300","RB","HSM01232","HSF01233"
"65124_2","ALBINO","F",NA,"41463",NA,"64833_1","64698_2","901","HSF01333","1300","RB","HSM01233","HSF01234"
"65125_2","BROWN","F",NA,"41480",NA,"64698_1","64699_2","940","HSF01334","1300","RB","HSM01234","HSF01235"
"65433_2","ALBINO","F",NA,"41622",NA,"65228_1","65258_2","980","HSF01334B","1300","RT","HSM01234B","HSF01233B"
"65138_2","ALBINO","F",NA,"41473",NA,"64972_1","64996_1","926","HSF01335","1300","RT","HSM01235B","HSF01236B"
"65689_1","BROWN","F",NA,"41383",NA,"64972_1","64996_1","1083","HSF01335B","1300","RT","HSM01235B","HSF01236B"
"65126_2","BROWN","F",NA,"41464",NA,"64700_1","64701_2","906","HSF01336","1300","RM","HSM01236","HSF01237"
"65127_2","BLACK","F",NA,"41468",NA,"64701_1","64712_2","915","HSF01337","1300","RB","HSM01237","HSF01238"
"65137_2","BLACK.HOOD","F",NA,"41477",NA,"64712_1","64713_2","936","HSF01338","1300","RT","HSM01238","HSF01239"
"65128_2","BLACK","F",NA,"41476",NA,"64713_1","64702_2","934","HSF01339","1300","RB","HSM01239","HSF01240"
"65130_2","BLACK.HOOD","F",NA,"41484",NA,"64829_1","64704_2","952","HSF01341","1300","RB","HSM01241","HSF01242"
"65131_2","BROWN.HOOD","F",NA,"41469",NA,"64704_1","64714_2","917","HSF01342","1300","RT","HSM01242","HSF01243"
"65132_2","BLACK.HOOD","F",NA,"41480",NA,"64714_1","64715_2","942","HSF01343","1300","RT","HSM01243","HSF01244"
"65133_2","ALBINO","F",NA,"41482",NA,"64715_1","64716_2","950","HSF01344","1300","RM","HSM01244","HSF01245"
"65134_2","ALBINO","F",NA,"41467",NA,"64716_1","64717_2","913","HSF01345","1300","RM","HSM01245","HSF01246"
"65581_2","ALBINO","F",NA,"41334",NA,"64716_1","64717_2","1049","HSF01345B","1300","RM","HSM01245","HSF01246"
"65411_2","BLACK.HOOD","F",NA,"41611",NA,"64717_1","64659_2","977","HSF01346","1300","RM","HSM01246","HSF01202"
"65577_2","BLACK","F",NA,"41334",NA,"64675_1","64676_2","1048","HSF01319BB","1300","RT","HSM01219","HSF01220"
"65144_1","ALBINO","M",NA,"41449",NA,"64659_1","64660_2","874","HSM01301","1300","LT","HSM01201","HSF01202"
"65093_1","BLACK.HOOD","M",NA,"41449",NA,"64660_1","64661_2","876","HSM01302","1300","LM","HSM01202","HSF01203"
"65094_1","BROWN","M",NA,"41449",NA,"64661_1","64662_2","878","HSM01303","1300","LB","HSM01203","HSF01204"
"65095_1","BROWN.HOOD","M",NA,"41447",NA,"64662_1","64663_2","870","HSM01304","1300","LM","HSM01204","HSF01205"
"65096_1","BLACK.HOOD","M",NA,"41472",NA,"64663_1","64664_2","920","HSM01305","1300","LB","HSM01205","HSF01206"
"65097_1","BLACK","M",NA,"41447",NA,"64664_1","64665_2","872","HSM01306","1300","LB","HSM01206","HSF01207"
"65236_1","BLACK.HOOD","M",NA,"41499",NA,"64667_1","64668_2","967","HSM01309","1300","LM","HSM01209","HSF01210"
"65101_1","BLACK.HOOD","M",NA,"41459",NA,"64668_1","64669_2","893","HSM01310","1300","LB","HSM01210","HSF01211"
"65102_1","BLACK.HOOD","M",NA,"41480",NA,"64669_1","64670_2","938","HSM01311","1300","LT","HSM01211","HSF01212"
"65103_1","BLACK.HOOD","M",NA,"41446",NA,"64670_1","64671_2","868","HSM01312","1300","LT","HSM01212","HSF01213"
"65104_1","BLACK.HOOD","M",NA,"41454",NA,"64671_1","64672_2","885","HSM01313","1300","LB","HSM01213","HSF01214"
"65105_1","BLACK.HOOD","M",NA,"41452",NA,"64672_1","64673_2","880","HSM01314","1300","LT","HSM01214","HSF01215"
"65195_1","BROWN.HOOD","M",NA,"41481",NA,"64673_1","64674_2","943","HSM01315","1300","LB","HSM01215","HSF01216"
"65107_1","BROWN.HOOD","M",NA,"41482",NA,"65229_1","65030_1","947","HSM01316","1300","LM","HSM01240B","HSF01217B"
"65108_1","BROWN","M",NA,"41454",NA,"64708_1","64709_2","888","HSM01317","1300","LT","HSM01217","HSF01218"
"65609_1","BROWN.HOOD","M",NA,"41350",NA,"64708_1","64709_2","1071","HSM01317B","1300","LT","HSM01217","HSF01218"
"65109_1","BROWN","M",NA,"41492",NA,"64709_1","64675_2","954","HSM01318","1300","LM","HSM01218","HSF01219"
"65110_1","BLACK","M",NA,"41454",NA,"64675_1","64676_2","891","HSM01319","1300","LM","HSM01219","HSF01220"
"65197_1","BROWN","M",NA,"41479",NA,"64676_1","64677_2","937","HSM01320","1300","LB","HSM01220","HSF01221"
"65112_1","BLACK.HOOD","M",NA,"41453",NA,"64677_1","64678_2","883","HSM01321","1300","LM","HSM01221","HSF01222"
"65113_1","BLACK","M",NA,"41481",NA,"64678_1","64679_2","944","HSM01322","1300","LT","HSM01222","HSF01223"
"65114_1","ALBINO","M",NA,"41492",NA,"64679_1","64680_2","956","HSM01323","1300","LB","HSM01223","HSF01224"
"65115_1","BLACK.HOOD","M",NA,"41466",NA,"64680_1","64681_2","907","HSM01324","1300","LT","HSM01224","HSF01225"
"65116_1","BLACK.HOOD","M",NA,"41459",NA,"64681_1","64682_2","895","HSM01325","1300","LT","HSM01225","HSF01226"
"65117_1","BLACK.HOOD","M",NA,"41459",NA,"64682_1","64710_2","897","HSM01326","1300","LM","HSM01226","HSF01227"
"65118_1","BROWN","M",NA,"41474",NA,"64710_1","64711_2","927","HSM01327","1300","LB","HSM01227","HSF01228"
"65119_1","BLACK.HOOD","M",NA,"41464",NA,"64711_1","64693_2","903","HSM01328","1300","LM","HSM01228","HSF01229"
"65120_1","BROWN","M",NA,"41460",NA,"64693_1","64694_2","898","HSM01329","1300","LB","HSM01229","HSF01230"
"65121_1","BROWN.HOOD","M",NA,"41467",NA,"64694_1","64695_2","910","HSM01330","1300","LM","HSM01230","HSF01231"
"65122_1","BROWN","M",NA,"41499",NA,"64695_1","64696_2","969","HSM01331","1300","LB","HSM01231","HSF01232"
"65272_1","BROWN.HOOD","M",NA,"41614",NA,"65227_1","65228_2","978","HSM01331B","1300","RB","HSM01231B","HSF01234B"
"65123_1","BROWN.HOOD","M",NA,"41472",NA,"64696_1","65258_2","924","HSM01332","1300","LT","HSM01232","HSF01233B"
"65792_1","BROWN.HOOD","M",NA,"41428",NA,"64696_1","64958_1","1085","HSM01332B","1300","LT","HSM01232","HSF01233"
"65124_1","ALBINO","M",NA,"41463",NA,"64833_1","64698_2","900","HSM01333","1300","LT","HSM01233","HSF01234"
"65250_1","BLACK","M",NA,"41502",NA,"64698_1","64699_2","966","HSM01334","1300","LT","HSM01234","HSF01235"
"65433_1","ALBINO","M",NA,"41622",NA,"65228_1","65258_2","980","HSM01334B","1300","RT","HSM01234B","HSF01233B"
"65138_1","BROWN","M",NA,"41473",NA,"64972_1","64996_1","925","HSM01335","1300","LM","HSM01235B","HSF01236B"
"65126_1","BROWN","M",NA,"41464",NA,"64700_1","64701_2","905","HSM01336","1300","LB","HSM01236","HSF01237"
"65127_1","BLACK","M",NA,"41468",NA,"64701_1","64712_2","914","HSM01337","1300","LT","HSM01237","HSF01238"
"65137_1","BLACK.HOOD","M",NA,"41477",NA,"64712_1","64713_2","935","HSM01338","1300","LM","HSM01238","HSF01239"
"65474_1","BROWN","M",NA,"41284",NA,"64713_1","64702_2","982","HSM01339","1300","LT","HSM01239","HSF01240"
"65290_1","BLACK.HOOD","M",NA,"41521",NA,"64702_1","64829_2","974","HSM01340","1300","LM","HSM01240","HSF01241"
"65731_1","BLACK.HOOD","M",NA,"41400",NA,"65229_1","65030_1","1084","HSM01340B","1300","LT","HSM01240B","HSF01217B"
"65130_1","BROWN.HOOD","M",NA,"41484",NA,"64829_1","64704_2","951","HSM01341","1300","LT","HSM01241","HSF01242"
"65131_1","BROWN.HOOD","M",NA,"41469",NA,"64704_1","64714_2","916","HSM01342","1300","LM","HSM01242","HSF01243"
"65132_1","BLACK.HOOD","M",NA,"41480",NA,"64714_1","64715_2","941","HSM01343","1300","LM","HSM01243","HSF01244"
"65133_1","ALBINO","M",NA,"41482",NA,"64715_1","64716_2","949","HSM01344","1300","LB","HSM01244","HSF01245"
"65476_1","ALBINO","M",NA,"41281",NA,"64716_1","64717_2","981","HSM01345","1300","LB","HSM01245","HSF01246"
"65411_1","ALBINO","M",NA,"41611",NA,"64717_1","64659_2","976","HSM01346","1300","LT","HSM01246","HSF01201"
"65455_2","BLACK.HOOD","F",NA,"41309",NA,"65144_1","65093_2","1006","HSF01401","1400","RM","HSM01301","HSF01302"
"65456_2","BROWN","F",NA,"41336",NA,"65093_1","65094_2","1051","HSF01402","1400","RM","HSM01302","HSF01303"
"65457_2","ALBINO","F",NA,"41306",NA,"65094_1","65095_2","995","HSF01403","1400","RB","HSM01303","HSF01304"
"65458_2","BROWN.HOOD","F",NA,"41307",NA,"65095_1","65096_2","999","HSF01404","1400","RM","HSM01304","HSF01305"
"65459_2","BLACK","F",NA,"41307",NA,"65096_1","65097_2","1001","HSF01405","1400","RB","HSM01305","HSF01306"
"65511_2","BROWN.HOOD","F",NA,"41326",NA,"65097_1","65414_2","1042","HSF01406","1400","RM","HSM01306","HSF013312"
"65512_2","BLACK.HOOD","F",NA,"41338",NA,"65272_1","65433_2","1059","HSF01407","1400","RB","HSM01331B","HSF01334B"
"65513_2","BLACK.HOOD","F",NA,"41348",NA,"65433_1","65236_2","1067","HSF01408","1400","RT","HSM01334B","HSF01309"
"65460_1","BLACK.HOOD","F",NA,"41359",NA,"65236_1","65101_2","1074","HSF01409","1400","RT","HSM01309","HSF01310"
"65899_2","BLACK.HOOD","F",NA,"41474",NA,"65101_1","65102_2","1094","HSF01410","1400","RT","HSM01310","HSF01311"
"65462_2","BLACK.HOOD","F",NA,"41304",NA,"65102_1","65103_2","991","HSF01411","1400","RT","HSM01311","HSF01312"
"65463_2","BLACK.HOOD","F",NA,"41304",NA,"65103_1","65104_2","993","HSF01412","1400","RM","HSM01312","HSF01313"
"65464_2","BLACK.HOOD","F",NA,"41306",NA,"65104_1","65105_2","997","HSF01413","1400","RT","HSM01313","HSF01314"
"65465_2","ALBINO","F",NA,"41320",NA,"65105_1","65106_2","1028","HSF01414","1400","RT","HSM01314","HSF01315"
"65466_2","BROWN.HOOD","F",NA,"41307",NA,"65195_1","65107_2","1003","HSF01415","1400","RT","HSM01315","HSF01316"
"65584_2","BLACK","F",NA,"41338",NA,"65107_1","65108_2","1055","HSF01416","1400","RT","HSM01316","HSF01317"
"65643_2","BROWN","F",NA,"41434",NA,"65609_1","65610_2","1087","HSF01417","1400","RT","HSM01317B","HSF01324B"
"65849_2","BLACK","F",NA,"41456",NA,"65109_1","65110_2","1089","HSF01418","1400","RM","HSM01318","HSF01319"
"65484_2","BROWN","F",NA,"41315",NA,"65110_1","65111_2","1018","HSF01419","1400","RM","HSM01319","HSF01320"
"65485_2","BROWN.HOOD","F",NA,"41313",NA,"65197_1","65112_2","1012","HSF01420","1400","RM","HSM01320","HSF01321"
"65486_2","BLACK.HOOD","F",NA,"41312",NA,"65112_1","65113_2","1010","HSF01421","1400","RT","HSM01321","HSF01322"
"65487_2","BLACK","F",NA,"41313",NA,"65113_1","65114_2","1014","HSF01422","1400","RB","HSM01322","HSF01323"
"65488_2","ALBINO","F",NA,"41326",NA,"65114_1","65115_2","1040","HSF01423","1400","RT","HSM01323","HSF01324"
"65489_2","BLACK.HOOD","F",NA,"41333",NA,"65115_1","65116_2","1047","HSF01424","1400","RT","HSM01324","HSF01325"
"65490_2","BLACK.HOOD","F",NA,"41351",NA,"65116_1","65198_2","1070","HSF01425","1400","RB","HSM01325","HSF01326"
"65491_2","BLACK.HOOD","F",NA,"41338",NA,"65117_1","65118_2","1057","HSF01426","1400","RM","HSM01326","HSF01327"
"65492_2","BLACK","F",NA,"41313",NA,"65118_1","65119_2","1016","HSF01427","1400","RT","HSM01327","HSF01328"
"65499_2","BLACK","F",NA,"41318",NA,"65119_1","65120_2","1020","HSF01428","1400","RB","HSM01328","HSF01329"
"65500_2","BLACK","F",NA,"41320",NA,"65120_1","65121_2","1030","HSF01429","1400","RM","HSM01329","HSF01330"
"65501_2","BROWN.HOOD","F",NA,"41320",NA,"65121_1","65122_2","1032","HSF01430","1400","RB","HSM01330","HSF01331"
"65502_2","BROWN.HOOD","F",NA,"41342",NA,"65272_1","65123_2","1061","HSF01431","1400","RT","HSM01331B","HSF01332"
"65503_2","BROWN.HOOD","F",NA,"41318",NA,"65123_1","65124_2","1022","HSF01432","1400","RT","HSM01332","HSF01333"
"65504_2","ALBINO","F",NA,"41319",NA,"65124_1","65125_2","1024","HSF01433","1400","RM","HSM01333","HSF01334"
"65505_2","BLACK","F",NA,"41319",NA,"65250_1","65138_2","1026","HSF01434","1400","RB","HSM01334","HSF01335"
"65506_2","BROWN","F",NA,"41342",NA,"65138_1","65126_2","1063","HSF01435","1400","RM","HSM01335","HSF01336"
"65507_2","BLACK","F",NA,"41336",NA,"65126_1","65127_2","1053","HSF01436","1400","RB","HSM01336","HSF01337"
"65508_2","BLACK.HOOD","F",NA,"41342",NA,"65127_1","65137_2","1065","HSF01437","1400","RB","HSM01337","HSF01338"
"65509_2","BLACK.HOOD","F",NA,"41320",NA,"65137_1","65128_2","1034","HSF01438","1400","RT","HSM01338","HSF01339"
"65530_2","BLACK","F",NA,"41368",NA,"65474_1","65471_2","1078","HSF01439","1400","RB","HSM01339","HSF01319B"
"66034_2","BROWN","F",NA,"41525",NA,"65474_1","65471_2","1178","HSF01439B","1400","RT","HSM01339","HSF01319B"
"65763_2","BLACK.HOOD","F",NA,"41491",NA,"65731_1","65577_2","1095","HSF01440","1400","RT","HSM01340B","HSF01319B"
"65850_2","BLACK","F",NA,"41459",NA,"65110_1","65111_2","1090","HSF01441","1400","RB","HSM01319","HSF01320"
"66077_2","BROWN","F",NA,"41544",NA,"65109_1","65110_2","1187","HSF01441B","1400","RT","HSM01318","HSF01319"
"65515_2","BROWN.HOOD","F",NA,"41325",NA,"65131_1","65132_2","1038","HSF01442","1400","RB","HSM01342","HSF01343"
"66047_2","BROWN.HOOD","F",NA,"41531",NA,"65131_1","65132_2","1185","HSF01442B","1400","RB","HSM01342","HSF01343"
"65663_2","BROWN.HOOD","F",NA,"41374",NA,"65132_1","65133_2","1080","HSF01443","1400","RT","HSM01343","HSF01344"
"65517_2","ALBINO","F",NA,"41379",NA,"65133_1","65134_2","1082","HSF01444","1400","RM","HSM01344","HSF01345"
"65518_2","BLACK.HOOD","F",NA,"41367",NA,"65476_1","65411_2","1076","HSF01445","1400","RM","HSM01345","HSF01346"
"65519_1","ALBINO","F",NA,"41351",NA,"65411_1","65144_2","1068","HSF01446","1400","RM","HSM01346","HSF01301"
"65455_1","BLACK","M",NA,"41309",NA,"65144_1","65093_2","1005","HSM01401","1400","LM","HSM01301","HSF01302"
"65456_1","BROWN.HOOD","M",NA,"41336",NA,"65093_1","65094_2","1050","HSM01402","1400","LB","HSM01302","HSF01303"
"65457_1","BROWN","M",NA,"41306",NA,"65094_1","65095_2","994","HSM01403","1400","LB","HSM01303","HSF01304"
"65458_1","ALBINO","M",NA,"41307",NA,"65095_1","65096_2","998","HSM01404","1400","LM","HSM01304","HSF01305"
"65459_1","BLACK","M",NA,"41307",NA,"65096_1","65097_2","0","HSM01405","1400","LB","HSM01305","HSF01306"
"65511_1","BROWN","M",NA,"41326",NA,"65097_1","65414_2","1041","HSM01406","1400","LM","HSM01306","HSF01331B"
"65512_1","BLACK","M",NA,"41338",NA,"65272_1","65433_2","1058","HSM01407","1400","LT","HSM01331B","HSF01334B"
"65513_1","BLACK","M",NA,"41348",NA,"65433_1","65236_2","1066","HSM01408","1400","LM","HSM01334B","HSF01309"
"65866_1","BLACK.HOOD","M",NA,"41467",NA,"65236_1","65101_2","1093","HSM01409","1400","LT","HSM01309","HSF01310"
"65461_1","BLACK.HOOD","M",NA,"41324",NA,"65101_1","65102_2","1035","HSM01410","1400","LM","HSM01310","HSF01311"
"65462_1","BLACK.HOOD","M",NA,"41304",NA,"65102_1","65103_2","990","HSM01411","1400","LT","HSM01311","HSF01312"
"65463_1","BLACK.HOOD","M",NA,"41304",NA,"65103_1","65104_2","992","HSM01412","1400","LM","HSM01312","HSF01313"
"65464_1","ALBINO","M",NA,"41306",NA,"65104_1","65105_2","996","HSM01413","1400","LT","HSM01313","HSF01314"
"65465_1","BROWN.HOOD","M",NA,"41320",NA,"65105_1","65106_2","1027","HSM01414","1400","LT","HSM01314","HSF01315"
"65466_1","BROWN.HOOD","M",NA,"41307",NA,"65195_1","65107_2","1004","HSM01415","1400","LT","HSM01315","HSF01316"
"65847_1","BROWN","M",NA,"41462",NA,"65107_1","65108_2","1091","HSM01416","1400","LM","HSM01316","HSF01317"
"65643_1","BLACK","M",NA,"41434",NA,"65609_1","65610_2","1086","HSM01417","1400","LT","HSM01317B","HSF01324B"
"65483_1","BLACK","M",NA,"41311",NA,"65109_1","65110_2","1007","HSM01418","1400","LB","HSM01318","HSF01319"
"65484_1","BROWN.HOOD","M",NA,"41315",NA,"65110_1","65111_2","1017","HSM01419","1400","LM","HSM01319","HSF01320"
"65485_1","BROWN.HOOD","M",NA,"41313",NA,"65197_1","65112_2","1011","HSM01420","1400","LM","HSM01320","HSF01321"
"65486_1","ALBINO","M",NA,"41312",NA,"65112_1","65113_2","1009","HSM01421","1400","LT","HSM01321","HSF01322"
"65487_1","BLACK","M",NA,"41313",NA,"65113_1","65114_2","1013","HSM01422","1400","LB","HSM01322","HSF01323"
"65488_1","BLACK","M",NA,"41326",NA,"65114_1","65115_2","1039","HSM01423","1400","LT","HSM01323","HSF01324"
"65489_1","BLACK.HOOD","M",NA,"41323",NA,"65115_1","65116_2","1046","HSM01424","1400","LM","HSM01324","HSF01325"
"65490_1","ALBINO","M",NA,"41351",NA,"65116_1","65198_2","1069","HSM01425","1400","LT","HSM01325","HSF01326"
"65491_1","BLACK.HOOD","M",NA,"41338",NA,"65117_1","65118_2","1056","HSM01426","1400","LB","HSM01326","HSF01327"
"65492_1","BLACK","M",NA,"41313",NA,"65118_1","65119_2","1015","HSM01427","1400","LT","HSM01327","HSF01328"
"65499_1","ALBINO","M",NA,"41318",NA,"65119_1","65120_2","1019","HSM01428","1400","LB","HSM01328","HSF01329"
"65500_1","BROWN","M",NA,"41320",NA,"65120_1","65121_2","1029","HSM01429","1400","LM","HSM01329","HSF01330"
"65501_1","BROWN","M",NA,"41320",NA,"65121_1","65122_2","1031","HSM01430","1400","LB","HSM01330","HSF01331"
"65502_1","BROWN","M",NA,"41342",NA,"65272_1","65123_2","1060","HSM01431","1400","LM","HSM01331B","HSF01332"
"65503_1","BROWN.HOOD","M",NA,"41318",NA,"65123_1","65124_2","1021","HSM01432","1400","LT","HSM01332","HSF01333"
"65504_1","ALBINO","M",NA,"41319",NA,"65124_1","65125_2","1023","HSM01433","1400","LM","HSM01333","HSF01334"
"65505_1","BLACK","M",NA,"41319",NA,"65250_1","65138_2","1025","HSM01434","1400","LB","HSM01334","HSF01335"
"65506_1","BLACK","M",NA,"41342",NA,"65138_1","65126_2","1062","HSM01435","1400","LB","HSM01335","HSF01336"
"65507_1","BROWN.HOOD","M",NA,"41336",NA,"65126_1","65127_2","1052","HSM01436","1400","LT","HSM01336","HSF01337"
"65508_1","BLACK","M",NA,"41342",NA,"65127_1","65137_2","1064","HSM01437","1400","LT","HSM01337","HSF01338"
"65509_1","BLACK","M",NA,"41320",NA,"65137_1","65128_2","1033","HSM01438","1400","LT","HSM01338","HSF01339"
"66149_1","BLACK","M",NA,"41575",NA,"65137_1","65128_2","1201","HSM01438B","1400","LT","HSM01338","HSF01339"
"65945_1","BLACK","M",NA,"41489",NA,"65474_1","65471_2","1099","HSM01439","1400","LT","HSM01339","HSF01319B"
"65763_1","BLACK","M",NA,"41491",NA,"65731_1","65577_2","1100","HSM01440","1400","LM","HSM01340B","HSF01319BB"
"66033_1","BLACK.HOOD","M",NA,"41522",NA,"65731_1","65577_2","1177","HSM01440B","1400","LT","HSM01340B","HSF01319BB"
"65514_1","BROWN.HOOD","M",NA,"41327",NA,"65130_1","65131_2","1043","HSM01441","1400","LB","HSM01341","HSF01342"
"66077_1","BROWN","M",NA,"41544",NA,"65109_1","65110_2","1186","HSM01441B","1400","LT","HSM01318","HSF01319"
"65515_1","ALBINO","M",NA,"41325",NA,"65131_1","65132_2","1037","HSM01442","1400","LB","HSM01342","HSF01343"
"65516_1","BLACK.HOOD","M",NA,"41327",NA,"65132_1","65133_2","1045","HSM01443","1400","LT","HSM01343","HSF01344"
"65517_1","ALBINO","M",NA,"41379",NA,"65133_1","65134_2","1081","HSM01444","1400","LM","HSM01344","HSF01345"
"65518_1","ALBINO","M",NA,"41367",NA,"65476_1","65411_2","1075","HSM01445","1400","LM","HSM01345","HSF01346"
"65664_1","ALBINO","M",NA,"41372",NA,"65411_1","65144_2","1079","HSM01446","1400","LT","HSM01346","HSF01301"
"65879_2","BLACK HOOD","F",NA,"41495",NA,"65455_1","65456_2","1109","HSF01501","1500","RB","HSM01401","HSF01402"
"65880_2","BROWN HOOD","F",NA,"41507",NA,"65456_1","65457_2","1135","HSF01502","1500","RB","HSM01402","HSF01403"
"65881_2","BROWN HOOD","F",NA,"41512",NA,"65457_1","65458_2","1151","HSF01503","1500","RT","HSM01403","HSF01404"
"66357_1","BROWN HOOD","F",NA,"41680",NA,"65458_1","65459_2","1216","HSF01504","1500","RT","HSM01404","HSF01405"
"65883_2","BROWN HOOD","F",NA,"41494",NA,"65459_1","65511_2","1105","HSF01505","1500","RT","HSM01405","HSF01406"
"65884_2","ALBINO","F",NA,"41494",NA,"65511_1","65512_2","1107","HSF01506","1500","RM","HSM01406","HSF01407"
"65885_2","BLACK HOOD","F",NA,"41493",NA,"65512_1","65513_2","1097","HSF01507","1500","RT","HSM01407","HSF01408"
"65886_2","BLACK","F",NA,"41493",NA,"65513_1","65460_1","1101","HSF01508","1500","RM","HSM01408","HSF01409"
"65950_2","BLACK HOOD","F",NA,"41546",NA,"65866_1","65899_2","1189","HSF01509","1500","RT","HSM01409","HSF01410"
"65887_2","BLACK","F",NA,"41496",NA,"65461_1","65462_2","1115","HSF01510","1500","RB","HSM01410","HSF01411"
"65888_2","BLACK HOOD","F",NA,"41493",NA,"65462_1","65463_2","1103","HSF01511","1500","RB","HSM01411","HSF01412"
"65889_2","BLACK HOOD","F",NA,"41495",NA,"65463_1","65464_2","1111","HSF01512","1500","RT","HSM01412","HSF01413"
"65890_2","ALBINO","F",NA,"41495",NA,"65464_1","65465_2","1113","HSF01513","1500","RM","HSM01413","HSF01414"
"65905_2","BROWN HOOD","F",NA,"41515",NA,"65465_1","65466_2","1161","HSF01514","1500","RT","HSM01414","HSF01415"
"65906_2","BROWN","F",NA,"41500",NA,"65466_1","65584_2","1119","HSF01515","1500","RT","HSM01415","HSF01416"
"65951_2","BROWN HOOD","F",NA,"41595",NA,"65847_1","65643_2","1208","HSF01516","1500","RM","HSM01416","HSF01417"
"66083_2","BLACK","F",NA,"41518",NA,"65643_1","65849_2","1190","HSF01517","1500","RM","HSM01417","HSF01418"
"65907_2","BLACK","F",NA,"41500",NA,"65483_1","65484_2","1121","HSF01518","1500","RM","HSM01418","HSF01419"
"65908_2","BROWN HOOD","F",NA,"41501",NA,"65484_1","65485_2","1123","HSF01519","1500","RB","HSM01419","HSF01420"
"65909_2","BROWN HOOD","F",NA,"41502",NA,"65485_1","65486_2","1125","HSF01520","1500","RT","HSM01420","HSF01421"
"65910_2","BLACK HOOD","F",NA,"41502",NA,"65486_1","65487_2","1127","HSF01521","1500","RM","HSM01421","HSF01422"
"65911_2","BLACK","F",NA,"41526",NA,"65487_1","65488_2","1180","HSF01522","1500","RT","HSM01422","HSF01423"
"65912_2","BLACK HOOD","F",NA,"41517",NA,"65488_1","65489_2","1167","HSF01523","1500","RB","HSM01423","HSF01424"
"66028_2","BLACK HOOD","F",NA,"41523",NA,"65489_1","65490_2","1174","HSF01524","1500","RM","HSM01424","HSF01425"
"65914_2","BLACK HOOD","F",NA,"41505",NA,"65490_1","65491_2","1131","HSF01525","1500","RT","HSM01425","HSF01426"
"65915_2","BLACK","F",NA,"41506",NA,"65491_1","65492_2","1133","HSF01526","1500","RM","HSM01426","HSF01427"
"65916_2","BLACK HOOD","F",NA,"41504",NA,"65492_1","65499_2","1129","HSF01527","1500","RB","HSM01427","HSF01428"
"65926_2","BROWN","F",NA,"41508",NA,"65499_1","65500_2","1147","HSF01528","1500","RG","HSM01428","HSF01429"
"65927_2","BROWN","F",NA,"41523",NA,"65500_1","65501_2","1176","HSF01529","1500","RB","HSM01429","HSF01430"
"65928_2","BROWN HOOD","F",NA,"41509",NA,"65501_1","65502_2","1143","HSF01530","1500","RT","HSM01430","HSF01431"
"65929_2","BROWN HOOD","F",NA,"41508",NA,"65502_1","65503_2","1141","HSF01531","1500","RB","HSM01431","HSF01432"
"65930_2","ALBINO","F",NA,"41512",NA,"65503_1","65504_2","1153","HSF01532","1500","RM","HSM01432","HSF01433"
"65931_2","ALBINO","F",NA,"41509",NA,"65504_1","65505_2","1145","HSF01533","1500","RM","HSM01433","HSF01434"
"65932_2","BROWN HOOD","F",NA,"41507",NA,"65505_1","65506_2","1137","HSF01534","1500","RT","HSM01434","HSF01435"
"65933_2","BLACK HOOD","F",NA,"41510",NA,"65506_1","65507_2","1149","HSF01535","1500","RT","HSM01435","HSF01436"
"65934_2","BROWN HOOD","F",NA,"41512",NA,"65507_1","65508_2","1155","HSF01536","1500","RT","HSM01436","HSF01437"
"65935_2","BLACK","F",NA,"41507",NA,"65508_1","65509_2","1139","HSF01537","1500","RM","HSM01437","HSF01438"
"66176_2","BROWN HOOD","F",NA,"41659",NA,"66149_1","66034_2","1215","HSF01538","1500","RB","HSM01438B","HSF01439B"
"65991_2","BLACK","F",NA,"41570",NA,"65945_1","65763_2","1200","HSF01539","1500","RB","HSM01439","HSF01440"
"66102_2","BROWN","F",NA,"41608",NA,"66033_1","66077_2","1212","HSF01540","1500","RB","HSM01440B","HSF01441B"
"66158_2","BROWN HOOD","F",NA,"41583",NA,"65484_1","65485_2","1204","HSF01519B","1500","RT","HSM01419","HSF01420"
"65953_2","ALBINO","F",NA,"41514",NA,"65515_1","65663_2","1159","HSF01542","1500","RB","HSM01442","HSF01443"
"65954_2","ALBINO","F",NA,"41527",NA,"65516_1","65517_2","1169","HSF01543","1500","RT","HSM01443","HSF01444"
"65955_2","ALBINO","F",NA,"41527",NA,"65517_1","65518_2","1184","HSF01544","1500","RB","HSM01444","HSF01445"
"65956_2","ALBINO","F",NA,"41515",NA,"65518_1","65519_1","1163","HSF01545","1500","RM","HSM01445","HSF01446"
"65957_2","ALBINO","F",NA,"41527",NA,"65664_1","65455_2","1182","HSF01546","1500","RM","HSM01446","HSF01401"
"65879_1","BROWN","M",NA,"41495",NA,"65455_1","65456_2","1108","HSM01501","1500","LB","HSM01401","HSF01402"
"65880_1","BROWN","M",NA,"41507",NA,"65456_1","65457_2","1134","HSM01502","1500","LB","HSM01402","HSF01403"
"65881_1","BROWN","M",NA,"41512",NA,"65457_1","65458_2","1150","HSM01503","1500","LT","HSM01403","HSF01404"
"66274_1","ALBINO","M",NA,"41657",NA,"65458_1","65459_2","1213","HSM01504","1500","LB","HSM01404","HSF01405"
"65883_1","BROWN","M",NA,"41494",NA,"65459_1","65511_2","1104","HSM01505","1500","LT","HSM01405","HSF01406"
"65884_1","BROWN","M",NA,"41494",NA,"65511_1","65512_2","1106","HSM01506","1500","LM","HSM01406","HSF01407"
"65885_1","BLACK","M",NA,"41493",NA,"65512_1","65513_2","1096","HSM01507","1500","LT","HSM01407","HSF01408"
"65886_1","BLACK HOOD","M",NA,"41493",NA,"65513_1","65460_1","1098","HSM01508","1500","LM","HSM01408","HSF01409"
"65950_1","BLACK HOOD","M",NA,"41546",NA,"65866_1","65899_2","1188","HSM01509","1500","LM","HSM01409","HSF01410"
"65887_1","BLACK HOOD","M",NA,"41496",NA,"65461_1","65462_2","1114","HSM01510","1500","LB","HSM01410","HSF01411"
"65888_1","BLACK HOOD","M",NA,"41493",NA,"65462_1","65463_2","1102","HSM01511","1500","LB","HSM01411","HSF01412"
"65889_1","BLACK HOOD","M",NA,"41495",NA,"65463_1","65464_2","1110","HSM01512","1500","LT","HSM01412","HSF01413"
"65890_1","ALBINO","M",NA,"41495",NA,"65464_1","65465_2","1112","HSM01513","1500","LM","HSM01413","HSF01414"
"65905_1","BROWN HOOD","M",NA,"41515",NA,"65465_1","65466_2","1160","HSM01514","1500","LT","HSM01414","HSF01415"
"65906_1","BROWN","M",NA,"41500",NA,"65466_1","65584_2","1118","HSM01515","1500","LT","HSM01415","HSF01416"
"65951_1","BROWN HOOD","M",NA,"41595",NA,"65847_1","65643_2","1207","HSM01516","1500","LM","HSM01416","HSF01417"
"65952_1","BLACK","M",NA,"41518",NA,"65643_1","65849_2","1170","HSM01517","1500","LM","HSM01417","HSF01418"
"65907_1","BROWN","M",NA,"41500",NA,"65483_1","65484_2","1120","HSM01518","1500","LM","HSM01418","HSF01419"
"65908_1","BLACK HOOD","M",NA,"41501",NA,"65484_1","65485_2","1122","HSM01519","1500","LB","HSM01419","HSF01420"
"65909_1","BROWN HOOD","M",NA,"41502",NA,"65485_1","65486_2","1124","HSM01520","1500","LT","HSM01420","HSF01421"
"65910_1","BLACK","M",NA,"41502",NA,"65486_1","65487_2","1126","HSM01521","1500","LM","HSM01421","HSF01422"
"65911_1","ALBINO","M",NA,"41526",NA,"65487_1","65488_2","1179","HSM01522","1500","LM","HSM01422","HSF01423"
"65912_1","BLACK","M",NA,"41517",NA,"65488_1","65489_2","1166","HSM01523","1500","LB","HSM01423","HSF01424"
"66028_1","BLACK HOOD","M",NA,"41523",NA,"65489_1","65490_2","1173","HSM01524","1500","LB","HSM01424","HSF01425"
"65914_1","BLACK HOOD","M",NA,"41505",NA,"65490_1","65491_2","1130","HSM01525","1500","LT","HSM01425","HSF01426"
"65915_1","BLACK","M",NA,"41506",NA,"65491_1","65492_2","1132","HSM01526","1500","LM","HSM01426","HSF01427"
"65916_1","BLACK","M",NA,"41504",NA,"65492_1","65499_2","1128","HSM01527","1500","LB","HSM01427","HSF01428"
"65926_1","BROWN","M",NA,"41508",NA,"65499_1","65500_2","1146","HSM01528","1500","LB","HSM01428","HSF01429"
"65927_1","BROWN HOOD","M",NA,"41523",NA,"65500_1","65501_2","1175","HSM01529","1500","LT","HSM01429","HSF01430"
"65928_1","BLACK","M",NA,"41509",NA,"65501_1","65502_2","1142","HSM01530","1500","LT","HSM01430","HSF01431"
"65929_1","BROWN","M",NA,"41508",NA,"65502_1","65503_2","1140","HSM01531","1500","LB","HSM01431","HSF01432"
"65930_1","BROWN HOOD","M",NA,"41512",NA,"65503_1","65504_2","1152","HSM01532","1500","LM","HSM01432","HSF01433"
"65931_1","BROWN","M",NA,"41509",NA,"65504_1","65505_2","1144","HSM01533","1500","LM","HSM01433","HSF01434"
"65932_1","ALBINO","M",NA,"41507",NA,"65505_1","65506_2","1136","HSM01534","1500","LT","HSM01434","HSF01435"
"65933_1","BLACK","M",NA,"41510",NA,"65506_1","65507_2","1148","HSM01535","1500","LT","HSM01435","HSF01436"
"65934_1","BLACK HOOD","M",NA,"41512",NA,"65507_1","65508_2","1154","HSM01536","1500","LT","HSM01436","HSF01437"
"65935_1","BLACK","M",NA,"41507",NA,"65508_1","65509_2","1138","HSM01537","1500","LM","HSM01437","HSF01438"
"66176_1","BLACK","M",NA,"41659",NA,"66149_1","66034_2","1214","HSM01538","1500","LB","HSM01438B","HSF01439B"
"65991_1","BLACK HOOD","M",NA,"41570",NA,"65945_1","65763_2","1199","HSM01539","1500","LB","HSM01439","HSF01440"
"66102_1","BLACK","M",NA,"41608",NA,"66033_1","66077_2","1211","HSM01540","1500","LB","HSM01440B","HSF01441B"
"66158_1","BROWN HOOD","M",NA,"41583",NA,"65484_1","65485_2","1203","HSM01519B","1500","LT","HSM01419","HSF01420"
"65953_1","BROWN HOOD","M",NA,"41514",NA,"65515_1","65663_2","1158","HSM01542","1500","LB","HSM01442","HSF01443"
"65954_1","ALBINO","M",NA,"41517",NA,"65516_1","65517_2","1168","HSM01543","1500","LT","HSM01443","HSF01444"
"65955_1","BLACK HOOD","M",NA,"41527",NA,"65517_1","65518_2","1183","HSM01544","1500","LT","HSM01444","HSF01445"
"65956_1","ALBINO","M",NA,"41515",NA,"65518_1","65519_1","1162","HSM01545","1500","LM","HSM01445","HSF01446"
"65957_1","BLACK HOOD","M",NA,"41527",NA,"65664_1","65455_2","1181","HSM01546","1500","LB","HSM01446","HSF01401"
"66461_1","BLACK HOOD","M",NA,"41736",NA,"65866_1","65899_2","1314","HSM01509B","1500","LT","HSM01409","HSF01410"
"66420_2","ALBINO","F",NA,"41709",NA,"65516_1","65517_2","1279","HSF01543B","1500","RT","HSM01443","HSF01444"
"66486_1","BROWN","M",NA,"41737",NA,"65455_1","65456_2","1315","HSM01501B","1500","LM","HSM01401","HSF01402"
"66447_2","ALBINO","F",NA,"41723",NA,"65464_1","65465_2","1298","HSF01513B","1500","RB","HSM01413","HSF01414"
"66460_1","BROWN HOOD","M",NA,"41729",NA,"65458_1","65459_2","1303","HSM01504B","1500","LT","HSM01404","HSF01405"
"66491_2","BROWN HOOD","F",NA,"41743",NA,"66149_1","66034_2","1318","HSF01538B","1500","RB","HSM01438B","HSF01439B"
"66451_1","BROWN HOOD","M",NA,"41723",NA,"66033_1","66077_2","1299","HSM01540B","1500","LT","HSM01440B","HSF01441B"
"66418_2","BROWN HOOD","F",NA,"41710",NA,"65511_1","65512_2","1280","HSF01506B","1500","RM","HSM01406","HSF01407"
"66515_2","BROWN","F",NA,"41832",NA,"66486_1","66447_2","1371","HSF01601","1600","RT","HSM01501B","HSF01513B"
"66454_2","BROWN","F",NA,"41724",NA,"65880_1","65908_2","1302","HSF01602","1600","RB","HSM01502","HSF01519"
"66335_2","BROWN","F",NA,"41705",NA,"65881_1","65935_2","1273","HSF01603","1600","RB","HSM01503","HSF01537"
"66532_2","BROWN HOOD","F",NA,"41811",NA,"66460_1","66491_2","1353","HSF01604","1600","RM","HSM01504B","HSF01538B"
"66311_2","BROWN HOOD","F",NA,"41699",NA,"65883_1","65991_2","1247","HSF01605","1600","RM","HSM01505","HSF01539"
"66298_2","BROWN HOOD","F",NA,"41691",NA,"65884_1","66102_2","1233","HSF01606","1600","RT","HSM01506","HSF01540"
"66299_2","BLACK","F",NA,"41690",NA,"65885_1","65907_2","1227","HSF01607","1600","RT","HSM01507","HSF01518"
"66300_2","BROWN HOOD","F",NA,"41691",NA,"65886_1","65953_2","1234","HSF01608","1600","RM","HSM01508","HSF01542"
"66516_2","BLACK HOOD","F",NA,"41825",NA,"66461_1","66420_2","1363","HSF01609","1600","RT","HSM01509B","HSF01543B"
"66301_2","BLACK HOOD","F",NA,"41701",NA,"65887_1","65955_2","1255","HSF01610","1600","RB","HSM01510","HSF01544"
"66302_2","BLACK HOOD","F",NA,"41700",NA,"65888_1","65912_2","1251","HSF01611","1600","RT","HSM01511","HSF01523"
"66303_2","BLACK HOOD","F",NA,"41689",NA,"65889_1","65956_2","1225","HSF01612","1600","RB","HSM01512","HSF01545"
"66312_2","BLACK HOOD","F",NA,"41698",NA,"65890_1","65916_2","1245","HSF01613","1600","RT","HSM01513","HSF01527"
"66371_2","BROWN HOOD","F",NA,"41711",NA,"65905_1","65914_2","1288","HSF01614","1600","RB","HSM01514","HSF01525"
"66615_2","ALBINO","F",NA,"41794",NA,"65905_1","65914_2","1335","HSF01614B","1600","RB","HSM01514","HSF01525"
"66313_2","BLACK HOOD","F",NA,"41698",NA,"65906_1","65915_2","1243","HSF01615","1600","RB","HSM01515","HSF01526"
"66336_2","BROWN HOOD","F",NA,"41705",NA,"65951_1","65928_2","1267","HSF01616","1600","RB","HSM01516","HSF01530"
"66601_2","BROWN HOOD","F",NA,"41791",NA,"65951_1","65928_2","1330","HSF01616B","1600","RT","HSM01516","HSF01530"
"66337_2","BROWN","F",NA,"41717",NA,"65952_1","65929_2","1295","HSF01617","1600","RB","HSM01517","HSF01531"
"66304_2","BROWN","F",NA,"41689",NA,"65907_1","65885_2","1220","HSF01618","1600","RT","HSM01518","HSF01507"
"66314_2","BLACK HOOD","F",NA,"41697",NA,"65908_1","65887_2","1239","HSF01619","1600","RT","HSM01519","HSF01510"
"66608_2","BROWN HOOD","F",NA,"41789",NA,"66158_1","65880_2","1328","HSF01619B","1600","RM","HSM01519B","HSF01502"
"66639_2","BLACK HOOD","F",NA,"41812",NA,"65908_1","65887_2","1354","HSF01619C","1600","RB","HSM01519","HSF01510"
"66315_2","BROWN","F",NA,"41696",NA,"65909_1","65931_2","1237","HSF01620","1600","RB","HSM01520","HSF01533"
"66616_2","BROWN","F",NA,"41797",NA,"65909_1","65931_2","1339","HSF01620B","1600","RT","HSM01520","HSF01533"
"66316_2","BLACK","F",NA,"41700",NA,"65910_1","65932_2","1253","HSF01621","1600","RM","HSM01521","HSF01534"
"66790_2","BROWN HOOD","F",NA,"41857",NA,"65910_1","65932_2","1445","HSF01621B","1600","RT","HSM01521","HSF01534"
"66338_2","ALBINO","F",NA,"41705",NA,"65911_1","65930_2","1269","HSF01622","1600","RT","HSM01522","HSF01532"
"66305_2","BLACK","F",NA,"41691",NA,"65912_1","65886_2","1231","HSF01623","1600","RB","HSM01523","HSF01508"
"66339_2","BROWN HOOD","F",NA,"41705",NA,"66028_1","65934_2","1271","HSF01624","1600","RM","HSM01524","HSF01536"
"66340_2","BLACK HOOD","F",NA,"41706",NA,"65914_1","65933_2","1275","HSF01625","1600","RT","HSM01525","HSF01535"
"66617_2","ALBINO","F",NA,"41795",NA,"65914_1","65933_2","1336","HSF01625B","1600","RT","HSM01525","HSF01535"
"66341_2","BLACK","F",NA,"41705",NA,"65916_1","65926_2","1265","HSF01627","1600","RM","HSM01527","HSF01528"
"66618_2","BROWN","F",NA,"41796",NA,"65926_1","65906_2","1337","HSF01628","1600","RM","HSM01528","HSF01515"
"66511_2","BROWN","F",NA,"41819",NA,"65926_1","65906_2","1361","HSF01628B","1600","RT","HSM01528","HSF01515"
"66401_2","BROWN HOOD","F",NA,"41734",NA,"65927_1","66158_2","1307","HSF01629","1600","RM","HSM01529","HSF01519B"
"66319_2","BROWN","F",NA,"41698",NA,"65928_1","65909_2","1241","HSF01630","1600","RM","HSM01530","HSF01520"
"66342_2","BROWN HOOD","F",NA,"41704",NA,"65929_1","65881_2","1257","HSF01631","1600","RT","HSM01531","HSF01503"
"66343_2","BROWN HOOD","F",NA,"41704",NA,"65930_1","66083_2","1259","HSF01632","1600","RM","HSM01532","HSF01517"
"66605_2","BROWN","F",NA,"41788",NA,"65930_1","66083_2","1325","HSF01632B","1600","RB","HSM01532","HSF01517"
"66641_2","BROWN","F",NA,"41812",NA,"65930_1","66083_2","1355","HSF01632C","1600","RT","HSM01532","HSF01517"
"66344_2","BROWN","F",NA,"41705",NA,"65931_1","65951_2","1263","HSF01633","1600","RT","HSM01533","HSF01516"
"66345_2","BROWN","F",NA,"41704",NA,"65932_1","65927_2","1261","HSF01634","1600","RB","HSM01534","HSF01529"
"66837_2","BLACK","F",NA,"41867",NA,"65933_1","65957_2","1452","HSF01635","1600","RT","HSM01535","HSF01546"
"66642_2","BLACK","F",NA,"41813",NA,"65933_1","65957_2","1357","HSF01635B","1600","RM","HSM01535","HSF01546"
"66320_2","BLACK HOOD","F",NA,"41710",NA,"65934_1","65879_2","1282","HSF01636","1600","RB","HSM01536","HSF01501"
"66606_2","BLACK HOOD","F",NA,"41793",NA,"65934_1","65879_2","1333","HSF01636B","1600","RM","HSM01536","HSF01501"
"66321_2","BLACK","F",NA,"41710",NA,"65935_1","65910_2","1284","HSF01637","1600","RT","HSM01537","HSF01521"
"66387_2","BLACK HOOD","F",NA,"41736",NA,"66176_1","66357_1","1309","HSF01638","1600","RB","HSM01538","HSF01504"
"66372_2","BLACK HOOD","F",NA,"41713",NA,"65991_1","65911_2","1290","HSF01639","1600","RT","HSM01539","HSF01522"
"66589_2","BLACK HOOD","F",NA,"41784",NA,"65991_1","65911_2","1323","HSF01639B","1600","RT","HSM01539","HSF01522"
"66483_2","ALBINO","F",NA,"41811",NA,"66451_1","66418_2","1351","HSF01640","1600","RT","HSM01540B","HSF01506B"
"66402_2","BROWN HOOD","F",NA,"41733",NA,"66158_1","65880_2","1305","HSF01641","1600","RT","HSM01519B","HSF01502"
"66373_2","BROWN HOOD","F",NA,"41816",NA,"65953_1","66028_2","1358","HSF01642","1600","RB","HSM01542","HSF01524"
"66658_3","BROWN HOOD","F",NA,"41816",NA,"65953_1","66028_2","1359","HSF01642B","1600","RT","HSM01542","HSF01524"
"66374_2","BLACK HOOD","F",NA,"41716",NA,"65954_1","65950_2","1293","HSF01643","1600","RM","HSM01543","HSF01509"
"66669_2","BLACK HOOD","F",NA,"41829",NA,"65954_1","65950_2","1364","HSF01643B","1600","RT","HSM01543","HSF01509"
"66307_2","BLACK HOOD","F",NA,"41691",NA,"65955_1","65883_2","1229","HSF01644","1600","RM","HSM01544","HSF01505"
"66670_2","BROWN HOOD","F",NA,"41834",NA,"65955_1","65883_2","1373","HSF01644B","1600","RM","HSM01544","HSF01505"
"66375_2","BROWN HOOD","F",NA,"41718",NA,"65956_1","65905_2","1297","HSF01645","1600","RT","HSM01545","HSF01514"
"66308_2","BLACK HOOD","F",NA,"41689",NA,"65957_1","65888_2","1222","HSF01646","1600","RM","HSM01546","HSF01511"
"66765_2","BLACK HOOD","F",NA,"41845",NA,"65957_1","65888_2","1400","HSF01646B","1600","RT","HSM01546","HSF01511"
"66682_3","BLACK HOOD","F",NA,"41829",NA,"65915_1","65889_2","1366","HSF01626B","1600","RB","HSM01526","HSF01512"
"66515_1","BROWN","M",NA,"41832",NA,"66486_1","66447_2","1370","HSM01601","1600",NA,"HSM01501B","HSF01513B"
"66310_1","BROWN HOOD","M",NA,"41696",NA,"65880_1","65908_2","1235","HSM01602","1600","LM","HSM01502","HSF01519"
"66335_1","BROWN HOOD","M",NA,"41705",NA,"65881_1","65935_2","1272","HSM01603","1600","LB","HSM01503","HSF01537"
"66532_1","BLACK HOOD","M",NA,"41811",NA,"66460_1","66491_2","1352","HSM01604","1600","LM","HSM01504B","HSF01538B"
"66311_1","BROWN","M",NA,"41699",NA,"65883_1","65991_2","1246","HSM01605","1600","LM","HSM01505","HSF01539"
"66298_1","ALBINO","M",NA,"41691",NA,"65884_1","66102_2","1232","HSM01606","1600","LT","HSM01506","HSF01540"
"66299_1","BLACK","M",NA,"41690",NA,"65885_1","65907_2","1226","HSM01607","1600","LT","HSM01507","HSF01518"
"66425_1","BROWN HOOD","M",NA,"41714",NA,"65886_1","65953_2","1291","HSM01608","1600","LM","HSM01508","HSF01542"
"66516_1","BLACK HOOD","M",NA,"41825",NA,"66461_1","66420_2","1362","HSM01609","1600","LT","HSM01509B","HSF01543B"
"66301_1","BLACK HOOD","M",NA,"41701",NA,"65887_1","65955_2","1254","HSM01610","1600","LB","HSM01510","HSF01544"
"66302_1","BLACK HOOD","M",NA,"41700",NA,"65888_1","65912_2","1250","HSM01611","1600","LT","HSM01511","HSF01523"
"66303_1","BLACK HOOD","M",NA,"41689",NA,"65889_1","65956_2","1223","HSM01612","1600","LB","HSM01512","HSF01545"
"66312_1","BROWN HOOD","M",NA,"41698",NA,"65890_1","65916_2","1244","HSM01613","1600","LT","HSM01513","HSF01527"
"66371_1","ALBINO","M",NA,"41711",NA,"65905_1","65914_2","1287","HSM01614","1600","LV","HSM01514","HSF01525"
"66313_1","BROWN","M",NA,"41698",NA,"65906_1","65915_2","1242","HSM01615","1600","LB","HSM01515","HSF01526"
"66336_1","BROWN HOOD","M",NA,"41705",NA,"65951_1","65928_2","1266","HSM01616","1600","LB","HSM01516","HSF01530"
"66337_1","BLACK","M",NA,"41717",NA,"65952_1","65929_2","1294","HSM01617","1600","LT","HSM01517","HSF01531"
"66304_1","BROWN","M",NA,"41689",NA,"65907_1","65885_2","1219","HSM01618","1600","LT","HSM01518","HSF01507"
"66314_1","BLACK HOOD","M",NA,"42793",NA,"65908_1","65887_2","1238","HSM01619","1600","LT","HSM01519","HSF01510"
"66315_1","BROWN","M",NA,"41696",NA,"65909_1","65931_2","1236","HSM01620","1600","LB","HSM01520","HSF01533"
"66316_1","BLACK HOOD","M",NA,"41700",NA,"65910_1","65932_2","1252","HSM01621","1600","LM","HSM01521","HSF01534"
"66338_1","ALBINO","M",NA,"41806",NA,"65911_1","65930_2","1344","HSM01622","1600","LT","HSM01522","HSF01532"
"66305_1","BLACK HOOD","M",NA,"41691",NA,"65912_1","65886_2","1230","HSM01623","1600","LB","HSM01523","HSF01508"
"66339_1","BROWN HOOD","M",NA,"41805",NA,"66028_1","65934_2","1342","HSM01624","1600","LB","HSM01524","HSF01536"
"66340_1","ALBINO","M",NA,"41706",NA,"65914_1","65933_2","1274","HSM01625","1600","LT","HSM01525","HSF01535"
"66317_1","BLACK","M",NA,"41700",NA,"65915_1","65889_2","1248","HSM01626","1600","LB","HSM01526","HSF01512"
"66341_1","BLACK","M",NA,"41705",NA,"65916_1","65926_2","1264","HSM01627","1600","LM","HSM01527","HSF01528"
"66318_1","BROWN","M",NA,"41723",NA,"65926_1","65906_2","1300","HSM01628","1600","LV","HSM01528","HSF01515"
"66677_1","BROWN HOOD","M",NA,"41831",NA,"65927_1","66158_2","1369","HSM01629","1600",NA,"HSM01529","HSF01519B"
"66319_1","BROWN HOOD","M",NA,"41698",NA,"65928_1","65909_2","1240","HSM01630","1600","LM","HSM01530","HSF01520"
"66342_1","BLACK","M",NA,"41704",NA,"65929_1","65881_2","1256","HSM01631","1600","LT","HSM01531","HSF01503"
"66343_1","BROWN","M",NA,"41704",NA,"65930_1","66083_2","1258","HSM01632","1600","LM","HSM01532","HSF01517"
"66344_1","BROWN","M",NA,"41705",NA,"65931_1","65951_2","1262","HSM01633","1600","LT","HSM01533","HSF01516"
"66345_1","BROWN HOOD","M",NA,"41704",NA,"65932_1","65927_2","1260","HSM01634","1600","LB","HSM01534","HSF01529"
"66346_1","BLACK","M",NA,"41706",NA,"65933_1","65957_2","1276","HSM01635","1600","LM","HSM01535","HSF01546"
"66320_1","BLACK HOOD","M",NA,"41710",NA,"65934_1","65879_2","1281","HSM01636","1600","LB","HSM01536","HSF01501"
"66321_1","BLACK HOOD","M",NA,"41710",NA,"65935_1","65910_2","1283","HSM01637","1600","LT","HSM01537","HSF01521"
"66387_1","BROWN","M",NA,"41736",NA,"66176_1","66357_1","1308","HSM01638","1600","LB","HSM01538","HSF01504"
"66372_1","BLACK","M",NA,"41713",NA,"65991_1","65911_2","1289","HSM01639","1600","LT","HSM01539","HSF01522"
"66483_1","BROWN HOOD","M",NA,"41811",NA,"66451_1","66418_2","1350","HSM01640","1600","LT","HSM01540B","HSF01506B"
"66402_1","BROWN HOOD","M",NA,"41733",NA,"66158_1","65880_2","1304","HSM01641","1600","LT","HSM01519B","HSF01502"
"66373_1","BROWN HOOD","M",NA,"41711",NA,"65953_1","66028_2","1285","HSM01642","1600","LM","HSM01542","HSF01524"
"66374_1","BLACK HOOD","M",NA,"41716",NA,"65954_1","65950_2","1292","HSM01643","1600","LV","HSM01543","HSF01509"
"66307_1","BLACK HOOD","M",NA,"41691",NA,"65955_1","65883_2","1228","HSM01644","1600","LM","HSM01544","HSF01505"
"66375_1","BROWN HOOD","M",NA,"41718",NA,"65956_1","65905_2","1296","HSM01645","1600","LM","HSM01545","HSF01514"
"66308_1","BLACK HOOD","M",NA,"41689",NA,"65957_1","65888_2","1221","HSM01646","1600","LM","HSM01546","HSF01511"
"66637_1","BROWN","M",NA,"41807",NA,"65881_1","65935_2","1346","HSM01647","1600","LT","HSM01503","HSF01537"
"66637_2","BROWN","M",NA,"41807",NA,"65881_1","65935_2","1347","HSM01648","1600","LB","HSM01503","HSF01537"
"66768_1","BROWN","M",NA,"41855",NA,"65883_1","65991_2","1440","HSM01649","1600",NA,"HSM01505","HSF01539"
"66758_1","BLACK","M",NA,"41848",NA,"65885_1","65907_2","1429","HSM01650","1600",NA,"HSM01507","HSF01518"
"66647_1","BLACK HOOD","M",NA,"41817",NA,"65888_1","65912_2","1360","HSM01651","1600","LT","HSM01511","HSF01523"
"66600_1","BLACK HOOD","M",NA,"41792",NA,"65889_1","65956_2","1332","HSM01652","1600","LM","HSM01512","HSF01545"
"66614_1","BLACK HOOD","M",NA,"41797",NA,"65890_1","65916_2","1338","HSM01653","1600","LT","HSM01513","HSF01527"
"66625_1","BLACK","M",NA,"41804",NA,"65906_1","65915_2","1341","HSM01654","1600","LM","HSM01515","HSF01526"
"66601_1","BROWN HOOD","M",NA,"41791",NA,"65951_1","65928_2","1329","HSM01655","1600","LT","HSM01516","HSF01530"
"66602_1","BROWN","M",NA,"41792",NA,"65952_1","65929_2","1331","HSM01656","1600","LM","HSM01517","HSF01531"
"66638_1","BROWN HOOD","M",NA,"41813",NA,"65907_1","65885_2","1356","HSM01657","1600","LB","HSM01518","HSF01507"
"66604_1","ALBINO","M",NA,"41788",NA,"65910_1","65932_2","1326","HSM01658","1600","LT","HSM01521","HSF01534"
"66626_2","ALBINO","M",NA,"41806",NA,"65911_1","65930_2","1345","HSM01659","1600","LB","HSM01522","HSF01532"
"66628_2","BROWN HOOD","M",NA,"41805",NA,"66028_1","65934_2","1343","HSM01660","1600","LT","HSM01524","HSF01536"
"66676_1","BROWN HOOD","M",NA,"41833",NA,"66028_1","65934_2","1372","HSM01661","1600",NA,"HSM01524","HSF01536"
"66677_2","BROWN HOOD","M",NA,"41831",NA,"65927_1","66158_2","1368","HSM01662","1600",NA,"HSM01529","HSF01519B"
"66630_1","BROWN HOOD","M",NA,"41804",NA,"65928_1","65909_2","1340","HSM01663","1600","LT","HSM01530","HSF01520"
"66619_1","BROWN HOOD","M",NA,"41793",NA,"65929_1","65881_2","1334","HSM01664","1600","LB","HSM01531","HSF01503"
"66844_2","BROWN HOOD","F",NA,"41914",NA,"66515_1","66790_2","1506","HSF01701","1700","RT","HSM01601","HSF01621B"
"66860_2","BROWN","F",NA,"41885",NA,"66310_1","66345_2","1470","HSF01702","1700","RT","HSM01602","HSF01634"
"66685_2","BLACK","F",NA,"41848",NA,"66335_1","66305_2","1431","HSF01703","1700","RT","HSM01603","HSF01623"
"66724_2","BROWN","F",NA,"41897",NA,"66532_1","66641_2","1492","HSF01704","1700","RM","HSM01604","HSF01632C"
"66686_2","BROWN HOOD","F",NA,"41838",NA,"66311_1","66308_2","1399","HSF01705","1700","RT","HSM01605","HSF01646"
"66687_2","BROWN","F",NA,"41866",NA,"66298_1","66336_2","1451","HSF01706","1700","RT","HSM01606","HSF01616"
"66688_2","BLACK","F",NA,"41837",NA,"66299_1","66314_2","1385","HSF01707","1700","RB","HSM01607","HSF01619"
"66689_2","BROWN HOOD","F",NA,"41859",NA,"66425_1","66402_2","1449","HSF01708","1700","RB","HSM01608","HSF01641"
"66737_2","ALBINO","F",NA,"41908",NA,"66516_1","66615_2","1500","HSF01709","1700","RB","HSM01609","HSF01614B"
"66690_2","BLACK HOOD","F",NA,"41838",NA,"66301_1","66387_2","1397","HSF01710","1700","RB","HSM01610","HSF01638"
"66691_2","BLACK HOOD","F",NA,"41837",NA,"66302_1","66307_2","1391","HSF01711","1700","RB","HSM01611","HSF01644"
"66692_2","ALBINO","F",NA,"41848",NA,"66303_1","66340_2","1433","HSF01712","1700","RM","HSM01612","HSF01625"
"66693_2","ALBINO","F",NA,"41849",NA,"66312_1","66374_2","1435","HSF01713","1700","RB","HSM01613","HSF01643"
"66694_2","ALBINO","F",NA,"41836",NA,"66371_1","66300_2","1375","HSF01714","1700","RT","HSM01614","HSF01608"
"66695_2","BROWN","F",NA,"41837",NA,"66313_1","66320_2","1389","HSF01715","1700","RM","HSM01615","HSF01636"
"66696_2","BLACK HOOD","F",NA,"41837",NA,"66336_1","66298_2","1381","HSF01716","1700","RT","HSM01616","HSF01606"
"66697_2","BROWN HOOD","F",NA,"41838",NA,"66337_1","66343_2","1395","HSF01717","1700","RM","HSM01617","HSF01632"
"66698_2","BROWN","F",NA,"41837",NA,"66304_1","66315_2","1387","HSF01718","1700","RT","HSM01618","HSF01620"
"66699_2","BLACK HOOD","F",NA,"41850",NA,"66314_1","66313_2","1439","HSF01719","1700","RM","HSM01619","HSF01615"
"66700_2","BROWN HOOD","F",NA,"41837",NA,"66315_1","66312_2","1383","HSF01720","1700","RM","HSM01620","HSF01613"
"66701_2","BROWN HOOD","F",NA,"41836",NA,"66316_1","66375_2","1379","HSF01721","1700","RB","HSM01621","HSF01645"
"66736_2","BLACK","F",NA,"41886",NA,"66338_1","66511_2","1478","HSF01722","1700","RT","HSM01622","HSF01628B"
"66702_2","BLACK HOOD","F",NA,"41839",NA,"66305_1","66335_2","1402","HSF01723","1700","RM","HSM01623","HSF01603"
"66752_2","BLACK HOOD","F",NA,"41882",NA,"66339_1","66682_3","1464","HSF01724","1700","RT","HSM01624","HSF01626B"
"66703_2","ALBINO","F",NA,"41850",NA,"66340_1","66303_2","1437","HSF01725","1700","RT","HSM01625","HSF01612"
"66704_2","BLACK","F",NA,"41838",NA,"66317_1","66304_2","1393","HSF01726","1700","RT","HSM01626","HSF01618"
"66705_2","BLACK","F",NA,"41836",NA,"66341_1","66321_2","1377","HSF01727","1700","RM","HSM01627","HSF01637"
"66706_2","BLACK","F",NA,"41842",NA,"66318_1","66338_2","1404","HSF01728","1700","RB","HSM01628","HSF01622"
"66753_2","BROWN HOOD","F",NA,"41909",NA,"66677_1","66605_2","1502","HSF01729","1700","RT","HSM01629","HSF01632B"
"66707_2","BROWN HOOD","F",NA,"41844",NA,"66319_1","66372_2","1420","HSF01730","1700","RM","HSM01630","HSF01639"
"66708_2","BROWN HOOD","F",NA,"41843",NA,"66342_1","66371_2","1410","HSF01731","1700","RB","HSM01631","HSF01614"
"66709_2","BROWN","F",NA,"41845",NA,"66343_1","66337_2","1426","HSF01732","1700","RM","HSM01632","HSF01617"
"66754_2","BROWN HOOD","F",NA,"41876",NA,"66344_1","66608_2","1456","HSF01733","1700","RB","HSM01633","HSF01619B"
"66710_2","BROWN HOOD","F",NA,"41845",NA,"66345_1","66454_2","1422","HSF01734","1700","RB","HSM01634","HSF01602"
"66711_2","BROWN HOOD","F",NA,"41844",NA,"66346_1","66401_2","1418","HSF01735","1700","RT","HSM01635","HSF01629"
"66712_2","BLACK HOOD","F",NA,"41845",NA,"66320_1","66319_2","1428","HSF01736","1700","RB","HSM01636","HSF01630"
"66713_2","BLACK","F",NA,"41843",NA,"66321_1","66341_2","1412","HSF01737","1700","RT","HSM01637","HSF01627"
"66714_2","ALBINO","F",NA,"41844",NA,"66387_1","66301_2","1416","HSF01738","1700","RB","HSM01638","HSF01610"
"66715_2","BLACK HOOD","F",NA,"41843",NA,"66372_1","66342_2","1414","HSF01739","1700","RM","HSM01639","HSF01631"
"66726_2","BLACK HOOD","F",NA,"41896",NA,"66483_1","66601_2","1488","HSF01740","1700","RB","HSM01640","HSF01616B"
"66716_2","ALBINO","F",NA,"41855",NA,"66402_1","66344_2","1442","HSF01741","1700","RB","HSM01641","HSF01633"
"66717_2","BROWN","F",NA,"41843",NA,"66373_1","66299_2","1408","HSF01742","1700","RM","HSM01642","HSF01607"
"66718_2","BROWN HOOD","F",NA,"41859",NA,"66374_1","66339_2","1447","HSF01743","1700","RM","HSM01643","HSF01624"
"66719_2","BLACK HOOD","F",NA,"41845",NA,"66307_1","66302_2","1424","HSF01744","1700","RT","HSM01644","HSF01611"
"66720_2","BLACK HOOD","F",NA,"41856",NA,"66375_1","66316_2","1444","HSF01745","1700","RT","HSM01645","HSF01621"
"66721_2","BROWN HOOD","F",NA,"41843",NA,"66308_1","66311_2","1406","HSF01746","1700","RT","HSM01646","HSF01605"
"66723_2","BLACK","F",NA,"41887",NA,"66637_1","66658_3","1482","HSF01747","1700","RB","HSM01647","HSF01642B"
"66727_2","BLACK HOOD","F",NA,"41882",NA,"66637_2","66658_3","1466","HSF01748","1700","RM","HSM01648","HSF01642B"
"66882_2",NA,"F",NA,NA,NA,"66768_1","66837_2",NA,"HSF01749","1700",NA,"HSM01649","HSF01635"
"66803_2",NA,"F",NA,NA,NA,"66758_1","66483_2",NA,"HSF01750","1700",NA,"HSM01650","HSF01640"
"66722_2","BROWN HOOD","F",NA,"41902",NA,"66647_1","66511_2","1494","HSF01751","1700","RT","HSM01651","HSF01628B"
"66728_2","ALBINO","F",NA,"41872",NA,"66600_1","66617_2","1454","HSF01752","1700","RM","HSM01652","HSF01625B"
"66729_2","ALBINO","F",NA,"41883",NA,"66614_1","66616_2","1468","HSF01753","1700","RB","HSM01653","HSF01620B"
"66730_2","BLACK","F",NA,"41886",NA,"66625_1","66639_2","1476","HSF01754","1700","RB","HSM01654","HSF01619C"
"66780_2","BLACK","F",NA,"41887",NA,"66601_1","66515_2","1480","HSF01755","1700","RM","HSM01655","HSF01601"
"66725_2","BROWN","F",NA,"41879",NA,"66602_1","66532_2","1458","HSF01756","1700","RT","HSM01656","HSF01604"
"66755_2","BLACK","F",NA,"41889",NA,"66638_1","66682_3","1484","HSF01757","1700","RT","HSM01657","HSF01626B"
"66781_2","BROWN","F",NA,"41885",NA,"66604_1","66670_2","1472","HSF01758","1700","RM","HSM01658","HSF01644B"
"66783_2","BLACK HOOD","F",NA,"41900",NA,"66626_2","66765_2","1490","HSF01759","1700","RT","HSM01659","HSF01646B"
"66738_2","BLACK HOOD","F",NA,"41905",NA,"66628_2","66516_2","1496","HSF01760","1700","RM","HSM01660","HSF01609"
"66782_2","BROWN HOOD","F",NA,"41915",NA,"66676_1","66669_2","1508","HSF01761","1700","RM","HSM01661","HSF01643B"
"66756_2","BROWN HOOD","F",NA,"41911",NA,"66677_2","66642_2","1504","HSF01762","1700","RM","HSM01662","HSF01635B"
"66731_2","BROWN HOOD","F",NA,"41890",NA,"66630_1","66606_2","1486","HSF01763","1700","RM","HSM01663","HSF01636B"
"66732_2","BROWN HOOD","F",NA,"41879",NA,"66619_1","66589_2","1460","HSF01764","1700","RM","HSM01664","HSF01639B"
"66844_1","BLACK HOOD","M",NA,"41914",NA,"66515_1","66790_2","1505","HSM01701","1700","LT","HSM01601","HSF01621B"
"66860_1","BROWN HOOD","M",NA,"41885",NA,"66310_1","66345_2","1469","HSM01702","1700","LT","HSM01602","HSF01634"
"66685_1","BROWN HOOD","M",NA,"41848",NA,"66335_1","66305_2","1430","HSM01703","1700","LT","HSM01603","HSF01623"
"66724_1","BROWN HOOD","M",NA,"41897",NA,"66532_1","66641_2","1491","HSM01704","1700","LM","HSM01604","HSF01632C"
"66686_1","BLACK","M",NA,"41838",NA,"66311_1","66308_2","1398","HSM01705","1700","LT","HSM01605","HSF01646"
"66687_1","BROWN HOOD","M",NA,"41866",NA,"66298_1","66336_2","1450","HSM01706","1700","LT","HSM01606","HSF01616"
"66688_1","BLACK","M",NA,"41837",NA,"66299_1","66314_2","1384","HSM01707","1700","LB","HSM01607","HSF01619"
"66689_1","ALBINO","M",NA,"41859",NA,"66425_1","66402_2","1448","HSM01708","1700","LB","HSM01608","HSF01641"
"66737_1","ALBINO","M",NA,"41908",NA,"66516_1","66615_2","1499","HSM01709","1700","LB","HSM01609","HSF01614B"
"66690_1","BLACK HOOD","M",NA,"41838",NA,"66301_1","66387_2","1396","HSM01710","1700","LB","HSM01610","HSF01638"
"66691_1","BLACK HOOD","M",NA,"41837",NA,"66302_1","66307_2","1390","HSM01711","1700","LB","HSM01611","HSF01644"
"66692_1","BLACK HOOD","M",NA,"41848",NA,"66303_1","66340_2","1432","HSM01712","1700","LM","HSM01612","HSF01625"
"66693_1","BROWN HOOD","M",NA,"41849",NA,"66312_1","66374_2","1434","HSM01713","1700","LB","HSM01613","HSF01643"
"66694_1","ALBINO","M",NA,"41836",NA,"66371_1","66300_2","1374","HSM01714","1700","LT","HSM01614","HSF01608"
"66695_1","BLACK HOOD","M",NA,"41837",NA,"66313_1","66320_2","1388","HSM01715","1700","LM","HSM01615","HSF01636"
"66696_1","BROWN HOOD","M",NA,"41837",NA,"66336_1","66298_2","1380","HSM01716","1700","LT","HSM01616","HSF01606"
"66697_1","BROWN","M",NA,"41838",NA,"66337_1","66343_2","1394","HSM01717","1700","LM","HSM01617","HSF01632"
"66698_1","BROWN","M",NA,"41837",NA,"66304_1","66315_2","1386","HSM01718","1700","LT","HSM01618","HSF01620"
"66699_1","BLACK HOOD","M",NA,"41850",NA,"66314_1","66313_2","1438","HSM01719","1700","LM","HSM01619","HSF01615"
"66700_1","ALBINO","M",NA,"41837",NA,"66315_1","66312_2","1382","HSM01720","1700","LM","HSM01620","HSF01613"
"66701_1","BROWN HOOD","M",NA,"41836",NA,"66316_1","66375_2","1378","HSM01721","1700","LB","HSM01621","HSF01645"
"66736_1","BROWN","M",NA,"41886",NA,"66338_1","66511_2","1477","HSM01722","1700","LT","HSM01622","HSF01628B"
"66702_1","BLACK","M",NA,"41839",NA,"66305_1","66335_2","1401","HSM01723","1700","LM","HSM01623","HSF01603"
"66752_1","BROWN HOOD","M",NA,"41882",NA,"66339_1","66682_3","1463","HSM01724","1700","LT","HSM01624","HSF01626B"
"66703_1","BLACK HOOD","M",NA,"41850",NA,"66340_1","66303_2","1436","HSM01725","1700","LT","HSM01625","HSF01612"
"66704_1","BROWN","M",NA,"41838",NA,"66317_1","66304_2","1392","HSM01726","1700","LT","HSM01626","HSF01618"
"66705_1","BLACK","M",NA,"41836",NA,"66341_1","66321_2","1376","HSM01727","1700","LM","HSM01627","HSF01637"
"66706_1","ALBINO","M",NA,"41842",NA,"66318_1","66338_2","1403","HSM01728","1700","LB","HSM01628","HSF01622"
"66753_1","BROWN HOOD","M",NA,"41909",NA,"66677_1","66605_2","1501","HSM01729","1700","LT","HSM01629","HSF01632B"
"66707_1","BLACK HOOD","M",NA,"41844",NA,"66319_1","66372_2","1419","HSM01730","1700","LM","HSM01630","HSF01639"
"66708_1","BLACK","M",NA,"41843",NA,"66342_1","66371_2","1409","HSM01731","1700","LB","HSM01631","HSF01614"
"66709_1","BROWN HOOD","M",NA,"41845",NA,"66343_1","66337_2","1425","HSM01732","1700","LM","HSM01632","HSF01617"
"66754_1","BROWN","M",NA,"41876",NA,"66344_1","66608_2","1455","HSM01733","1700","LB","HSM01633","HSF01619B"
"66710_1","BROWN","M",NA,"41845",NA,"66345_1","66454_2","1421","HSM01734","1700","LB","HSM01634","HSF01602"
"66711_1","BROWN HOOD","M",NA,"41844",NA,"66346_1","66401_2","1417","HSM01735","1700","LT","HSM01635","HSF01629"
"66712_1","BROWN HOOD","M",NA,"41845",NA,"66320_1","66319_2","1427","HSM01736","1700","LB","HSM01636","HSF01630"
"66713_1","ALBINO","M",NA,"41843",NA,"66321_1","66341_2","1411","HSM01737","1700","LT","HSM01637","HSF01627"
"66714_1","BLACK HOOD","M",NA,"41844",NA,"66387_1","66301_2","1415","HSM01738","1700","LB","HSM01638","HSF01610"
"66715_1","BROWN","M",NA,"41843",NA,"66372_1","66342_2","1413","HSM01739","1700","LM","HSM01639","HSF01631"
"66726_1","BROWN HOOD","M",NA,"41896",NA,"66483_1","66601_2","1487","HSM01740","1700","LB","HSM01640","HSF01616B"
"66716_1","BROWN","M",NA,"41855",NA,"66402_1","66344_2","1441","HSM01741","1700","LB","HSM01641","HSF01633"
"66717_1","BLACK","M",NA,"41843",NA,"66373_1","66299_2","1407","HSM01742","1700","LM","HSM01642","HSF01607"
"66718_1","BLACK HOOD","M",NA,"41859",NA,"66374_1","66339_2","1446","HSM01743","1700","LM","HSM01643","HSF01624"
"66719_1","BLACK HOOD","M",NA,"41845",NA,"66307_1","66302_2","1423","HSM01744","1700","LT","HSM01644","HSF01611"
"66720_1","BROWN","M",NA,"41856",NA,"66375_1","66316_2","1443","HSM01745","1700","LT","HSM01645","HSF01621"
"66721_1","BLACK HOOD","M",NA,"41843",NA,"66308_1","66311_2","1405","HSM01746","1700","LT","HSM01646","HSF01605"
"66723_1","BROWN","M",NA,"41887",NA,"66637_1","66658_3","1481","HSM01747","1700","LB","HSM01647","HSF01642B"
"66727_1","BROWN","M",NA,"41882",NA,"66637_2","66658_3","1465","HSM01748","1700","LM","HSM01648","HSF01642B"
"66882_1",NA,"M",NA,NA,NA,"66768_1","66837_2",NA,"HSM01749","1700",NA,"HSM01649","HSF01635"
"66803_1",NA,"M",NA,NA,NA,"66758_1","66483_2",NA,"HSM01750","1700",NA,"HSM01650","HSF01640"
"66722_1","BROWN HOOD","M",NA,"41902",NA,"66647_1","66511_2","1493","HSM01751","1700","LT","HSM01651","HSF01628B"
"66728_1","BLACK HOOD","M",NA,"41872",NA,"66600_1","66617_2","1453","HSM01752","1700","LM","HSM01652","HSF01625B"
"66729_1","ALBINO","M",NA,"41883",NA,"66614_1","66616_2","1467","HSM01753","1700","LB","HSM01653","HSF01620B"
"66730_1","BLACK","M",NA,"41886",NA,"66625_1","66639_2","1475","HSM01754","1700","LB","HSM01654","HSF01619C"
"66780_1","ALBINO","M",NA,"41887",NA,"66601_1","66515_2","1479","HSM01755","1700","LM","HSM01655","HSF01601"
"66725_1","BLACK","M",NA,"41879",NA,"66602_1","66532_2","1457","HSM01756","1700","LT","HSM01656","HSF01604"
"66755_1","BROWN","M",NA,"41889",NA,"66638_1","66682_3","1483","HSM01757","1700","LT","HSM01657","HSF01626B"
"66781_1","BLACK","M",NA,"41885",NA,"66604_1","66670_2","1471","HSM01758","1700","LM","HSM01658","HSF01644B"
"66783_1","ALBINO","M",NA,"41900",NA,"66626_2","66765_2","1489","HSM01759","1700","LT","HSM01659","HSF01646B"
"66738_1","BLACK HOOD","M",NA,"41905",NA,"66628_2","66516_2","1497","HSM01760","1700","LM","HSM01660","HSF01609"
"66782_1","BROWN HOOD","M",NA,"41915",NA,"66676_1","66669_2","1507","HSM01761","1700","LM","HSM01661","HSF01643B"
"66756_1","BROWN","M",NA,"41911",NA,"66677_2","66642_2","1503","HSM01762","1700","LM","HSM01662","HSF01635B"
"66731_1","BLACK HOOD","M",NA,"41890",NA,"66630_1","66606_2","1485","HSM01763","1700","LM","HSM01663","HSF01636B"
"66732_1","BLACK HOOD","M",NA,"41879",NA,"66619_1","66589_2","1459","HSM01764","1700","LM","HSM01664","HSF01639B"
"67094_1","BLACK HOOD","M",NA,NA,NA,"66844_1","66782_2","1628","HSM01801","1800","LT","HSM01701","HSF01761"
"67195_1","BROWN HOOD","M",NA,NA,NA,"66860_1","66719_2","1601","HSM01802","1800","LM","HSM01702","HSF01744"
"66978_1","BROWN","M",NA,NA,NA,"66685_1","66725_2","1542","HSM01803","1800","LM","HSM01703","HSF01756"
"67927_1","BROWN HOOD","M",NA,NA,NA,"66724_1","66702_2","1753","HSM01804","1800","LT","HSM01704","HSF01723"
"66979_1","BLACK","M",NA,NA,NA,"66686_1","66705_2","1533","HSM01805","1800","LM","HSM01705","HSF01727"
"66980_1","BROWN HOOD","M",NA,NA,NA,"66687_1","66728_2","1550","HSM01806","1800","LB","HSM01706","HSF01752"
"66981_1","BLACK HOOD","M",NA,NA,NA,"66688_1","66723_2","1560","HSM01807","1800","LT","HSM01707","HSF01747"
"66982_1","BROWN HOOD","M",NA,NA,NA,"66689_1","66752_2","1544","HSM01808","1800","LB","HSM01708","HSF01724"
"67248_1","BLACK HOOD","M",NA,NA,NA,"66737_1","66710_2","1622","HSM01809","1800","LB","HSM01709","HSF01734"
"66983_1","BLACK","M",NA,NA,NA,"66690_1","66736_2","1548","HSM01810","1800","LM","HSM01710","HSF01722"
"67393_1","BROWN HOOD","M",NA,NA,NA,"66691_1","66754_2","1617","HSM01811","1800","LT","HSM01711","HSF01733"
"66985_1","BLACK HOOD","M",NA,NA,NA,"66692_1","66696_2","1524","HSM01812","1800","LT","HSM01712","HSF01716"
"67095_1","BLACK HOOD","M",NA,NA,NA,"66693_1","66753_2","1583","HSM01813","1800","LB","HSM01713","HSF01729"
"66986_1","BLACK HOOD","M",NA,NA,NA,"66694_1","66711_2","1566","HSM01814","1800","LM","HSM01714","HSF01735"
"66987_1","BROWN HOOD","M",NA,NA,NA,"66695_1","66717_2","1511","HSM01815","1800","LM","HSM01715","HSF01742"
"66988_1","BROWN HOOD","M",NA,NA,NA,"66696_1","66692_2","1527","HSM01816","1800","LB","HSM01716","HSF01712"
"67500_1","BROWN","M",NA,NA,NA,"66697_1","66709_2","1660","HSM01817","1800","LT","HSM01717","HSF01732"
"66990_1","BROWN","M",NA,NA,NA,"66698_1","66727_2","1537","HSM01818","1800","LB","HSM01718","HSF01748"
"67028_1","BROWN HOOD","M",NA,NA,NA,"66699_1","66783_2","1661","HSM01819","1800","LM","HSM01719","HSF01759"
"67091_1","ALBINO","M",NA,NA,NA,"66700_1","66738_2","1589","HSM01820","1800","LM","HSM01720","HSF01760"
"66991_1","BROWN HOOD","M",NA,NA,NA,"66701_1","66704_2","1515","HSM01821","1800","LT","HSM01721","HSF01726"
"67196_1","BROWN","M",NA,NA,NA,"66736_1","66690_2","1613","HSM01822","1800","LM","HSM01722","HSF01710"
"67029_1","BROWN","M",NA,NA,NA,"66702_1","66724_2","1572","HSM01823","1800","LT","HSM01723","HSF01704"
"66992_1","ALBINO","M",NA,NA,NA,"66752_1","66689_2","1587","HSM01824","1800","LM","HSM01724","HSF01708"
"67197_1","BLACK HOOD","M",NA,NA,NA,"66703_1","66803_2","1619","HSM01825","1800","LM","HSM01725","HSF01750"
"66993_1","ALBINO","M",NA,NA,NA,"66704_1","66701_2","1513","HSM01826","1800","LB","HSM01726","HSF01721"
"66994_1","BLACK","M",NA,NA,NA,"66705_1","66686_2","1509","HSM01827","1800","LT","HSM01727","HSF01705"
"66995_1","ALBINO","M",NA,NA,NA,"66706_1","66714_2","1570","HSM01828","1800","LB","HSM01728","HSF01738"
"67370_1","BLACK HOOD","M",NA,NA,NA,"66753_1","66693_2","1640","HSM01829","1800","LB","HSM01729","HSF01713"
"67200_1","ALBINO","M",NA,NA,NA,"66707_1","66882_2","1624","HSM01830","1800","LT","HSM01730","HSF01749"
"67277_1","BROWN","M",NA,NA,NA,"66708_1","66731_2","1591","HSM01831","1800","LB","HSM01731","HSF01763"
"66997_1","BROWN HOOD","M",NA,NA,NA,"66709_1","66697_2","1574","HSM01832","1800","LM","HSM01732","HSF01717"
"66998_1","BROWN","M",NA,NA,NA,"66754_1","66691_2","1581","HSM01833","1800","LM","HSM01733","HSF01711"
"67092_1","BROWN","M",NA,NA,NA,"66710_1","66737_2","1579","HSM01834","1800","LT","HSM01734","HSF01709"
"66999_1","BROWN HOOD","M",NA,NA,NA,"66711_1","66694_2","1529","HSM01835","1800","LT","HSM01735","HSF01714"
"67000_1","BLACK HOOD","M",NA,NA,NA,"66712_1","66755_2","1552","HSM01836","1800","LT","HSM01736","HSF01757"
"67001_1","BLACK","M",NA,NA,NA,"66713_1","66721_2","1546","HSM01837","1800","LT","HSM01737","HSF01746"
"67002_1","BLACK","M",NA,NA,NA,"66714_1","66706_2","1556","HSM01838","1800","LM","HSM01738","HSF01728"
"67003_1","BROWN","M",NA,NA,NA,"66715_1","66730_2","1558","HSM01839","1800","LB","HSM01739","HSF01754"
"67030_1","BROWN HOOD","M",NA,NA,NA,"66726_1","66720_2","1611","HSM01840","1800","LT","HSM01740","HSF01745"
"67004_1","BROWN","M",NA,NA,NA,"66716_1","66732_2","1562","HSM01841","1800","LM","HSM01741","HSF01764"
"67005_1","BLACK HOOD","M",NA,NA,NA,"66717_1","66695_2","1520","HSM01842","1800","LB","HSM01742","HSF01715"
"67006_1","ALBINO","M",NA,NA,NA,"66718_1","66729_2","1539","HSM01843","1800","LT","HSM01743","HSF01753"
"67007_1","BROWN HOOD","M",NA,NA,NA,"66719_1","66860_2","1564","HSM01844","1800","LB","HSM01744","HSF01702"
"67031_1","BROWN","M",NA,NA,NA,"66720_1","66726_2","1609","HSM01845","1800","LB","HSM01745","HSF01740"
"67568_1","BLACK HOOD","M",NA,NA,NA,"66721_1","66713_2","1670","HSM01846","1800","LB","HSM01746","HSF01737"
"67009_1","BROWN","M",NA,NA,NA,"66723_1","66688_2","1655","HSM01847","1800","LB","HSM01747","HSF01707"
"67010_1","BLACK","M",NA,NA,NA,"66727_1","66698_2","1593","HSM01848","1800","LT","HSM01748","HSF01718"
"67371_1","BROWN HOOD","M",NA,NA,NA,"66882_1","66707_2","1642","HSM01849","1800","LT","HSM01749","HSF01730"
"67372_1","BROWN HOOD","M",NA,NA,NA,"66803_1","66703_2","1671","HSM01850","1800","LTRT","HSM01750","HSF01725"
"67096_1","BLACK HOOD","M",NA,NA,NA,"66722_1","66756_2","1615","HSM01851","1800","LB","HSM01751","HSF01762"
"67011_1","BROWN HOOD","M",NA,NA,NA,"66728_1","66687_2","1568","HSM01852","1800","LT","HSM01752","HSF01706"
"67012_1","BLACK","M",NA,NA,NA,"66729_1","66718_2","1597","HSM01853","1800","LB","HSM01753","HSF01743"
"67013_1","BLACK HOOD","M",NA,NA,NA,"66730_1","66715_2","1605","HSM01854","1800","LT","HSM01754","HSF01739"
"67014_1","BROWN","M",NA,NA,NA,"66780_1","66781_2","1599","HSM01855","1800","LT","HSM01755","HSF01758"
"67015_1","BLACK","M",NA,NA,NA,"66725_1","66685_2","1585","HSM01856","1800","LT","HSM01756","HSF01703"
"67016_1","BLACK","M",NA,NA,NA,"66755_1","66712_2","1603","HSM01857","1800","LB","HSM01757","HSF01736"
"67017_1","BLACK","M",NA,NA,NA,"66781_1","66780_2","1595","HSM01858","1800","LM","HSM01758","HSF01755"
"67032_1","ALBINO","M",NA,NA,NA,"66783_1","66699_2","1653","HSM01859","1800","LM","HSM01759","HSF01719"
"67249_1","BROWN HOOD","M",NA,NA,NA,"66738_1","66700_2","1673","HSM01860","1800","LM","HSM01760","HSF01720"
"67097_1","ALBINO","M",NA,NA,NA,"66782_1","66844_2","1646","HSM01861","1800","LM","HSM01761","HSF01701"
"67098_1","BROWN","M",NA,NA,NA,"66756_1","66722_2","1651","HSM01862","1800","LT","HSM01762","HSF01751"
"67018_1","BROWN HOOD","M",NA,NA,NA,"66731_1","66708_2","1607","HSM01863","1800","LM","HSM01763","HSF01731"
"67019_1","BROWN HOOD","M",NA,NA,NA,"66732_1","66716_2","1577","HSM01864","1800","LB","HSM01764","HSF01741"
"67094_2","BROWN HOOD","F",NA,NA,NA,"66844_1","66782_2","1629","HSF01801","1800","RT","HSM01701","HSF01761"
"67195_2","ALBINO","F",NA,NA,NA,"66860_1","66719_2","1602","HSF01802","1800","RM","HSM01702","HSF01744"
"66978_2","BROWN HOOD","F",NA,NA,NA,"66685_1","66725_2","1543","HSF01803","1800","RM","HSM01703","HSF01756"
"67247_2","BROWN HOOD","F",NA,NA,NA,"66724_1","66702_2","1627","HSF01804","1800","RB","HSM01704","HSF01723"
"67493_1","BLACK HOOD","F",NA,NA,NA,"66686_1","66705_2","1657","HSF01805","1800","RT","HSM01705","HSF01727"
"66980_2","BROWN HOOD","F",NA,NA,NA,"66687_1","66728_2","1551","HSF01806","1800","RB","HSM01706","HSF01752"
"66981_2","BLACK","F",NA,NA,NA,"66688_1","66723_2","1561","HSF01807","1800","RT","HSM01707","HSF01747"
"66982_2","BROWN HOOD","F",NA,NA,NA,"66689_1","66752_2","1545","HSF01808","1800","RB","HSM01708","HSF01724"
"67248_2","BLACK HOOD","F",NA,NA,NA,"66737_1","66710_2","1623","HSF01809","1800","RB","HSM01709","HSF01734"
"66983_2","ALBINO","F",NA,NA,NA,"66690_1","66736_2","1549","HSF01810","1800","RM","HSM01710","HSF01722"
"66984_2","BROWN HOOD","F",NA,NA,NA,"66691_1","66754_2","1536","HSF01811","1800","RM","HSM01711","HSF01733"
"66985_2","BLACK HOOD","F",NA,NA,NA,"66692_1","66696_2","1523","HSF01812","1800","RT","HSM01712","HSF01716"
"67095_2","BLACK HOOD","F",NA,NA,NA,"66693_1","66753_2","1584","HSF01813","1800","RB","HSM01713","HSF01729"
"66986_2","BROWN HOOD","F",NA,NA,NA,"66694_1","66711_2","1567","HSF01814","1800","RM","HSM01714","HSF01735"
"66987_2","BLACK HOOD","F",NA,NA,NA,"66695_1","66717_2","1512","HSF01815","1800","RM","HSM01715","HSF01742"
"66988_2","BROWN HOOD","F",NA,NA,NA,"66696_1","66692_2","1528","HSF01816","1800","RB","HSM01716","HSF01712"
"66989_2","BROWN HOOD","F",NA,NA,NA,"66697_1","66709_2","1518","HSF01817","1800","RM","HSM01717","HSF01732"
"66990_2","BROWN","F",NA,NA,NA,"66698_1","66727_2","1538","HSF01818","1800","RB","HSM01718","HSF01748"
"67028_2","BLACK HOOD","F",NA,NA,NA,"66699_1","66783_2","1662","HSF01819","1800","RM","HSM01719","HSF01759"
"67091_2","BROWN","F",NA,NA,NA,"66700_1","66738_2","1590","HSF01820","1800","RM","HSM01720","HSF01760"
"66991_2","BROWN","F",NA,NA,NA,"66701_1","66704_2","1516","HSF01821","1800","RT","HSM01721","HSF01726"
"67196_2","BROWN","F",NA,NA,NA,"66736_1","66690_2","1614","HSF01822","1800","RM","HSM01722","HSF01710"
"67029_2","BROWN HOOD","F",NA,NA,NA,"66702_1","66724_2","1573","HSF01823","1800","RT","HSM01723","HSF01704"
"66992_2","BROWN HOOD","F",NA,NA,NA,"66752_1","66689_2","1588","HSF01824","1800","RM","HSM01724","HSF01708"
"67197_2","ALBINO","F",NA,NA,NA,"66703_1","66803_2","1620","HSF01825","1800","RM","HSM01725","HSF01750"
"66993_2","ALBINO","F",NA,NA,NA,"66704_1","66701_2","1514","HSF01826","1800","RB","HSM01726","HSF01721"
"66994_2","BROWN","F",NA,NA,NA,"66705_1","66686_2","1510","HSF01827","1800","RT","HSM01727","HSF01705"
"66995_2","ALBINO","F",NA,NA,NA,"66706_1","66714_2","1571","HSF01828","1800","RB","HSM01728","HSF01738"
"67370_2","BROWN HOOD","F",NA,NA,NA,"66753_1","66693_2","1641","HSF01829","1800","RM","HSM01729","HSF01713"
"67200_2","ALBINO","F",NA,NA,NA,"66707_1","66882_2","1625","HSF01830","1800","RT","HSM01730","HSF01749"
"67277_2","BLACK HOOD","F",NA,NA,NA,"66708_1","66731_2","1592","HSF01831","1800","RB","HSM01731","HSF01763"
"66997_2","BROWN HOOD","F",NA,NA,NA,"66709_1","66697_2","1575","HSF01832","1800","RM","HSM01732","HSF01717"
"66998_2","BROWN HOOD","F",NA,NA,NA,"66754_1","66691_2","1582","HSF01833","1800","RM","HSM01733","HSF01711"
"67092_2","BROWN","F",NA,NA,NA,"66710_1","66737_2","1580","HSF01834","1800","RT","HSM01734","HSF01709"
"66999_2","ALBINO","F",NA,NA,NA,"66711_1","66694_2","1530","HSF01835","1800","RT","HSM01735","HSF01714"
"67932_2","BROWN","F",NA,NA,NA,"66712_1","66755_2","1754","HSF01836","1800","RT","HSM01736","HSF01757"
"67001_2","BROWN","F",NA,NA,NA,"66713_1","66721_2","1547","HSF01837","1800","RT","HSM01737","HSF01746"
"67002_2","BLACK","F",NA,NA,NA,"66714_1","66706_2","1557","HSF01838","1800","RM","HSM01738","HSF01728"
"67003_2","BLACK HOOD","F",NA,NA,NA,"66715_1","66730_2","1559","HSF01839","1800","RB","HSM01739","HSF01754"
"67030_2","BROWN HOOD","F",NA,NA,NA,"66726_1","66720_2","1612","HSF01840","1800","RT","HSM01740","HSF01745"
"67004_2","BROWN HOOD","F",NA,NA,NA,"66716_1","66732_2","1563","HSF01841","1800","RM","HSM01741","HSF01764"
"67005_2","BLACK","F",NA,NA,NA,"66717_1","66695_2","1521","HSF01842","1800","RB","HSM01742","HSF01715"
"67006_2","BROWN","F",NA,NA,NA,"66718_1","66729_2","1540","HSF01843","1800","RT","HSM01743","HSF01753"
"67007_2","BROWN","F",NA,NA,NA,"66719_1","66860_2","1565","HSF01844","1800","RB","HSM01744","HSF01702"
"67031_2","BROWN","F",NA,NA,NA,"66720_1","66726_2","1610","HSF01845","1800","RB","HSM01745","HSF01740"
"67008_2","BLACK","F",NA,NA,NA,"66721_1","66713_2","1526","HSF01846","1800","RM","HSM01746","HSF01737"
"67009_2","BLACK","F",NA,NA,NA,"66723_1","66688_2","1656","HSF01847","1800","RB","HSM01747","HSF01707"
"67010_2","BROWN","F",NA,NA,NA,"66727_1","66698_2","1594","HSF01848","1800","RT","HSM01748","HSF01718"
"67371_2","BROWN","F",NA,NA,NA,"66882_1","66707_2","1643","HSF01849","1800","RB","HSM01749","HSF01730"
"67372_2","BROWN","F",NA,NA,NA,"66803_1","66703_2","1672","HSF01850","1800","RB","HSM01750","HSF01725"
"67096_2","BLACK HOOD","F",NA,NA,NA,"66722_1","66756_2","1616","HSF01851","1800","RB","HSM01751","HSF01762"
"67011_2","BROWN","F",NA,NA,NA,"66728_1","66687_2","1569","HSF01852","1800","RT","HSM01752","HSF01706"
"67012_2","BROWN HOOD","F",NA,NA,NA,"66729_1","66718_2","1598","HSF01853","1800","RB","HSM01753","HSF01743"
"67013_2","BLACK","F",NA,NA,NA,"66730_1","66715_2","1606","HSF01854","1800","RT","HSM01754","HSF01739"
"67014_2","ALBINO","F",NA,NA,NA,"66780_1","66781_2","1600","HSF01855","1800","RT","HSM01755","HSF01758"
"67015_2","BLACK","F",NA,NA,NA,"66725_1","66685_2","1586","HSF01856","1800","RT","HSM01756","HSF01703"
"67016_2","BLACK","F",NA,NA,NA,"66755_1","66712_2","1604","HSF01857","1800","RB","HSM01757","HSF01736"
"67017_2","ALBINO","F",NA,NA,NA,"66781_1","66780_2","1596","HSF01858","1800","RM","HSM01758","HSF01755"
"67032_2","BLACK","F",NA,NA,NA,"66783_1","66699_2","1654","HSF01859","1800","RM","HSM01759","HSF01719"
"67249_2","BLACK HOOD","F",NA,NA,NA,"66738_1","66700_2","1674","HSF01860","1800","RT","HSM01760","HSF01720"
"67097_2","BLACK HOOD","F",NA,NA,NA,"66782_1","66844_2","1647","HSF01861","1800","RT","HSM01761","HSF01701"
"67098_2","BLACK HOOD","F",NA,NA,NA,"66756_1","66722_2","1652","HSF01862","1800","RT","HSM01762","HSF01751"
"67018_2","ALBINO","F",NA,NA,NA,"66731_1","66708_2","1608","HSF01863","1800","RM","HSM01763","HSF01731"
"67019_2","BROWN HOOD","F",NA,NA,NA,"66732_1","66716_2","1578","HSF01864","1800","RB","HSM01764","HSF01741"
"68053_1","BLACK HOOD","M",NA,NA,NA,"67094_1","67097_2","1764","HSM01901","1900","LB","HSM01801","HSF01837"
"67405_1","BROWN HOOD","M",NA,NA,NA,"67195_1","67007_2","1729","HSM01902","1900","LT","HSM01802","HSF01839"
"67201_1","BROWN HOOD","M",NA,NA,NA,"66978_1","67015_2","1686","HSM01903","1900","LT","HSM01803","HSF01826"
"67591_1",NA,"M",NA,NA,NA,"67927_1","67029_2",NA,"HSM01904","1900",NA,"HSM01804","HSF01836"
"67202_1","BLACK","M",NA,NA,NA,"66979_1","66994_2","1666","HSM01905","1900","LB","HSM01805","HSF01838"
"67693_1","BROWN HOOD","M",NA,NA,NA,"66980_1","67011_2","1733","HSM01906","1900","LB","HSM01806","HSF01819"
"67406_1","BLACK HOOD","M",NA,NA,NA,"66981_1","67009_2","1677","HSM01907","1900","LT","HSM01807","HSF01863"
"67361_1","ALBINO","M",NA,NA,NA,"66982_1","66992_2","1644","HSM01908","1900","LT","HSM01808","HSF01855"
"67524_1","BLACK HOOD","M",NA,NA,NA,"67248_1","67092_2","1759","HSM01909","1900","LM","HSM01809","HSF01815"
"67694_1","BLACK HOOD","M",NA,NA,NA,"66983_1","67196_2","1747","HSM01910","1900","LT","HSM01810","HSF01860"
"67525_1","BROWN HOOD","M",NA,NA,NA,"67393_1","66998_2","1745","HSM01911","1900","LB","HSM01811","HSF01831"
"67362_1","BROWN HOOD","M",NA,NA,NA,"66985_1","66988_2","1634","HSM01912","1900","LT","HSM01812","HSF01821"
"67526_1","ALBINO","M",NA,NA,NA,"67095_1","67370_2","1706","HSM01913","1900","LM","HSM01813","HSF01830"
"67282_1","BROWN HOOD","M",NA,NA,NA,"66986_1","66999_2","1688","HSM01914","1900","LB","HSM01814","HSF01828"
"67407_1","BLACK HOOD","M",NA,NA,NA,"66987_1","67005_2","1638","HSM01915","1900","LB","HSM01815","HSF01802"
"67203_1","BROWN HOOD","M",NA,NA,NA,"66988_1","66985_2","1663","HSM01916","1900","LM","HSM01816","HSF01841"
"68074_1","BROWN","M",NA,NA,NA,"67500_1","66997_2","1769","HSM01917","1900","LB","HSM01817","HSF01805"
"67592_1","BROWN HOOD","M",NA,NA,NA,"66990_1","67010_2","1722","HSM01918","1900","LT","HSM01818","HSF01859"
"67696_1","BROWN HOOD","M",NA,NA,NA,"67028_1","67032_2","1765","HSM01919","1900","LT","HSM01819","HSF01806"
"67527_1","BLACK","M",NA,NA,NA,"67091_1","67249_2","1698","HSM01920","1900","LM","HSM01820","HSF01851"
"67593_1","BROWN HOOD","M",NA,NA,NA,"66991_1","66993_2","1719","HSM01921","1900","LB","HSM01821","HSF01804"
"67408_1","BROWN HOOD","M",NA,NA,NA,"67196_1","66983_2","1715","HSM01922","1900","LT","HSM01822","HSF01853"
"67283_1","BROWN","M",NA,NA,NA,"67029_1","67247_2","1684","HSM01923","1900","LM","HSM01823","HSF01832"
"67363_1","ALBINO","M",NA,NA,NA,"66992_1","66982_2","1707","HSM01924","1900","LB","HSM01824","HSF01858"
"67528_1","BLACK HOOD","M",NA,NA,NA,"67197_1","67372_2","1741","HSM01925","1900","LT","HSM01825","HSF01816"
"67284_1","BROWN HOOD","M",NA,NA,NA,"66993_1","66991_2","1630","HSM01926","1900","LM","HSM01826","HSF01823"
"67709_1","BLACK HOOD","M",NA,NA,NA,"66994_1","67493_1","1762","HSM01927","1900","LM","HSM01827","HSF01861"
"67285_1","BROWN","M",NA,NA,NA,"66995_1","67002_2","1680","HSM01928","1900","LM","HSM01828","HSF01814"
"67707_1","BLACK","M",NA,NA,NA,"67370_1","67095_2","1817","HSM01929","1900","LT","HSM01829","HSF01849"
"67529_1","ALBINO","M",NA,NA,NA,"67200_1","67371_2","1751","HSM01930","1900","LM","HSM01830","HSF01813"
"67364_1","BROWN HOOD","M",NA,NA,NA,"67277_1","67018_2","1702","HSM01931","1900","LT","HSM01831","HSF01811"
"67286_1","BROWN HOOD","M",NA,NA,NA,"66997_1","66989_2","1691","HSM01932","1900","LM","HSM01832","HSF01827"
"67594_1","BROWN HOOOD","M",NA,NA,NA,"66998_1","66984_2","1791","HSM01933","1900","LT","HSM01833","HSF01862"
"67355_1","BLACK HOOD","M",NA,NA,NA,"67092_1","67248_2","1727","HSM01934","1900","LB","HSM01834","HSF01846"
"67245_1","BROWN HOOD","M",NA,NA,NA,"66999_1","66986_2","1658","HSM01935","1900","LT","HSM01835","HSF01844"
"67205_1","BLACK","M",NA,NA,NA,"67000_1","67016_2","1632","HSM01936","1900","LB","HSM01836","HSF01810"
"67922_1","BLACK","M",NA,NA,NA,"67001_1","67008_2","1744","HSM01937","1900","LM","HSM01837","HSF01809"
"67206_1","BLACK HOOD","M",NA,NA,NA,"67002_1","66995_2","1636","HSM01938","1900","LM","HSM01838","HSF01835"
"67595_1","BLACK","M",NA,NA,NA,"67003_1","67013_2","1700","HSM01939","1900","M","HSM01839","HSF01801"
"67409_1","BROWN HOOD","M",NA,NA,NA,"67030_1","67031_2","1713","HSM01940","1900","LB","HSM01840","HSF01808"
"67365_1","BROWN HOOD","M",NA,NA,NA,"67004_1","67019_2","1682","HSM01941","1900","LB","HSM01841","HSF01820"
"67366_1","BLACK","M",NA,NA,NA,"67005_1","66987_2","1668","HSM01942","1900","LT","HSM01842","HSF01852"
"67410_1","BROWN HOOD","M",NA,NA,NA,"67006_1","67012_2","1648","HSM01943","1900","LM","HSM01843","HSF01840"
"67246_2","BLACK","M",NA,NA,NA,"67007_1","67195_2","1676","HSM01944","1900","RB","HSM01844","HSF01842"
"67411_1","BROWN","M",NA,NA,NA,"67031_1","67030_2","1724","HSM01945","1900","LM","HSM01845","HSF01824"
"67697_1","BLACK","M",NA,NA,NA,"67568_1","67001_2","1767","HSM01946","1900","LM","HSM01846","HSF01834"
"67596_1","BLACK","M",NA,NA,NA,"67009_1","66981_2","1757","HSM01947","1900","LT","HSM01847","HSF01845"
"67531_1","ALBINO","M",NA,NA,NA,"67010_1","66990_2","1693","HSM01948","1900","LB","HSM01848","HSF01825"
"67706_1","ALBINO","M",NA,NA,NA,"67371_1","67200_2","1777","HSM01949","1900","LT","HSM01849","HSF01829"
"67698_1","BLACK HOOD","M",NA,NA,NA,"67372_1","67197_2","1773","HSM01950","1900","LT","HSM01850","HSF01817"
"68021_1","BROWN HOOD","M",NA,NA,NA,"67096_1","67098_2","1761","HSM01951","1900","LT","HSM01851","HSF01818"
"67699_1","BROWN","M",NA,NA,NA,"67011_1","66980_2","1739","HSM01952","1900","LB","HSM01852","HSF01850"
"67367_1","BROWN","M",NA,NA,NA,"67012_1","67006_2","1731","HSM01953","1900","LM","HSM01853","HSF01803"
"67412_1","BLACK","M",NA,NA,NA,"67013_1","67003_2","1735","HSM01954","1900","LT","HSM01854","HSF01857"
"67368_1","BROWN","M",NA,NA,NA,"67014_1","67017_2","1711","HSM01955","1900","LM","HSM01855","HSF01807"
"67357_1","BLACK","M",NA,NA,NA,"67015_1","66978_2","1695","HSM01956","1900","LT","HSM01856","HSF01864"
"67413_1","BROWN","M",NA,NA,NA,"67016_1","67932_2","1717","HSM01957","1900","LM","HSM01857","HSF01822"
"67597_1","BLACK","M",NA,NA,NA,"67017_1","67014_2","1737","HSM01958","1900","LM","HSM01858","HSF01847"
"67598_1","BROWN HOOD","M",NA,NA,NA,"67032_1","67028_2","1755","HSM01959","1900","LM","HSM01859","HSF01812"
"67700_1","BROWN HOOD","M",NA,NA,NA,"67249_1","67091_2","1775","HSM01960","1900","LM","HSM01860","HSF01856"
"67708_1","BROWN HOOD","M",NA,NA,NA,"67097_1","67094_2","1807","HSM01961","1900","LB","HSM01861","HSF01854"
"67599_1","BROWN","M",NA,NA,NA,"67098_1","67096_2","1805","HSM01962","1900","LM","HSM01862","HSF01848"
"67533_1","BROWN HOOD","M",NA,NA,NA,"67018_1","67277_2","1709","HSM01963","1900","LT","HSM01863","HSF01833"
"67358_1","BROWN HOOD","M",NA,NA,NA,"67019_1","67004_2","1690","HSM01964","1900","LT","HSM01864","HSF01843"
"67590_1","ALBINO","F",NA,NA,NA,"67094_1","67097_2","1750","HSF01901","1900","RT","HSM01801","HSF01837"
"67405_2","BROWN HOOD","F",NA,NA,NA,"67195_1","67007_2","1730","HSF01902","1900","RM","HSM01802","HSF01839"
"67201_2","BROWN","F",NA,NA,NA,"66978_1","67015_2","1687","HSF01903","1900","RT","HSM01803","HSF01826"
"67591_2",NA,"F",NA,NA,NA,"67927_1","67029_2",NA,"HSF01904","1900",NA,"HSM01804","HSF01836"
"67202_2","BLACK","F",NA,NA,NA,"66979_1","66994_2","1667","HSF01905","1900","RB","HSM01805","HSF01838"
"67693_2","BROWN HOOD","F",NA,NA,NA,"66980_1","67011_2","1734","HSF01906","1900","RT","HSM01806","HSF01819"
"67406_2","BLACK HOOD","F",NA,NA,NA,"66981_1","67009_2","1679","HSF01907","1900","RT","HSM01807","HSF01863"
"67361_2","BLACK HOOD","F",NA,NA,NA,"66982_1","66992_2","1645","HSF01908","1900","RT","HSM01808","HSF01855"
"67524_2","BLACK HOOD","F",NA,NA,NA,"67248_1","67092_2","1760","HSF01909","1900","RM","HSM01809","HSF01815"
"67694_2","BLACK","F",NA,NA,NA,"66983_1","67196_2","1748","HSF01910","1900","RM","HSM01810","HSF01860"
"67525_2","BROWN HOOD","F",NA,NA,NA,"67393_1","66998_2","1746","HSF01911","1900","RT","HSM01811","HSF01831"
"67362_2","ALBINO","F",NA,NA,NA,"66985_1","66988_2","1635","HSF01912","1900","RT","HSM01812","HSF01821"
"67919_2","BROWN HOOD","F",NA,NA,NA,"67095_1","67370_2","1749","HSF01913","1900","RB","HSM01813","HSF01830"
"67282_2","ALBINO","F",NA,NA,NA,"66986_1","66999_2","1689","HSF01914","1900","RB","HSM01814","HSF01828"
"67407_2","BLACK HOOD","F",NA,NA,NA,"66987_1","67005_2","1639","HSF01915","1900","RB","HSM01815","HSF01802"
"67203_2","ALBINO","F",NA,NA,NA,"66988_1","66985_2","1665","HSF01916","1900","RM","HSM01816","HSF01841"
"68074_2","BLACK","F",NA,NA,NA,"67500_1","66997_2","1770","HSF01917","1900","RB","HSM01817","HSF01805"
"67592_2","BLACK","F",NA,NA,NA,"66990_1","67010_2","1723","HSF01918","1900","RM","HSM01818","HSF01859"
"67696_2","BROWN HOOD","F",NA,NA,NA,"67028_1","67032_2","1766","HSF01919","1900","RT","HSM01819","HSF01806"
"67527_2","BLACK HOOD","F",NA,NA,NA,"67091_1","67249_2","1699","HSF01920","1900","RM","HSM01820","HSF01851"
"67593_2","BROWN HOOD","F",NA,NA,NA,"66991_1","66993_2","1720","HSF01921","1900","RB","HSM01821","HSF01804"
"67408_2","ALBINO","F",NA,NA,NA,"67196_1","66983_2","1716","HSF01922","1900","RT","HSM01822","HSF01853"
"67283_2","BROWN HOOD","F",NA,NA,NA,"67029_1","67247_2","1685","HSF01923","1900","RM","HSM01823","HSF01832"
"67363_2","ALBINO","F",NA,NA,NA,"66992_1","66982_2","1708","HSF01924","1900","RB","HSM01824","HSF01858"
"67528_2","ALBINO","F",NA,NA,NA,"67197_1","67372_2","1742","HSF01925","1900","RM","HSM01825","HSF01816"
"67284_2","BROWN HOOD","F",NA,NA,NA,"66993_1","66991_2","1631","HSF01926","1900","RM","HSM01826","HSF01823"
"67709_2","BLACK","F",NA,NA,NA,"66994_1","67493_1","1763","HSF01927","1900","RM","HSM01827","HSF01861"
"67285_2","BLACK HOOD","F",NA,NA,NA,"66995_1","67002_2","1681","HSF01928","1900","RM","HSM01828","HSF01814"
"67707_2","BROWN HOOD","F",NA,NA,NA,"67370_1","67095_2","1818","HSF01929","1900",NA,"HSM01829","HSF01849"
"67529_2","BLACK","F",NA,NA,NA,"67200_1","67371_2","1752","HSF01930","1900","RM","HSM01830","HSF01813"
"67364_2","BLACK HOOD","F",NA,NA,NA,"67277_1","67018_2","1703","HSF01931","1900","RT","HSM01831","HSF01811"
"67286_2","BROWN","F",NA,NA,NA,"66997_1","66989_2","1692","HSF01932","1900","RT","HSM01832","HSF01827"
"67594_2","BROWN","F",NA,NA,NA,"66998_1","66984_2","1792","HSF01933","1900","RT","HSM01833","HSF01862"
"67355_2","BLACK HOOD","F",NA,NA,NA,"67092_1","67248_2","1728","HSF01934","1900","RT","HSM01834","HSF01846"
"67245_2","BROWN","F",NA,NA,NA,"66999_1","66986_2","1659","HSF01935","1900","RT","HSM01835","HSF01844"
"67205_2","BLACK","F",NA,NA,NA,"67000_1","67016_2","1633","HSF01936","1900","RB","HSM01836","HSF01810"
"67530_2","ALBINO","F",NA,NA,NA,"67001_1","67008_2","1697","HSF01937","1900","RT","HSM01837","HSF01809"
"67206_2","BROWN HOOD","F",NA,NA,NA,"67002_1","66995_2","1637","HSF01938","1900","RM","HSM01838","HSF01835"
"67595_2","BROWN","F",NA,NA,NA,"67003_1","67013_2","1701","HSF01939","1900","F","HSM01839","HSF01801"
"67409_2","BLACK HOOD","F",NA,NA,NA,"67030_1","67031_2","1714","HSF01940","1900","RB","HSM01840","HSF01808"
"67365_2","BROWN","F",NA,NA,NA,"67004_1","67019_2","1683","HSF01941","1900","RB","HSM01841","HSF01820"
"67366_2","BLACK","F",NA,NA,NA,"67005_1","66987_2","1669","HSF01942","1900","RT","HSM01842","HSF01852"
"67410_2","BROWN HOOD","F",NA,NA,NA,"67006_1","67012_2","1649","HSF01943","1900","RM","HSM01843","HSF01840"
"67246_1","BROWN","F",NA,NA,NA,"67007_1","67195_2","1650","HSF01944","1900","LB","HSM01844","HSF01842"
"67411_2","BROWN","F",NA,NA,NA,"67031_1","67030_2","1725","HSF01945","1900","RB","HSM01845","HSF01824"
"67697_2","BLACK HOOD","F",NA,NA,NA,"67568_1","67001_2","1768","HSF01946","1900","RM","HSM01846","HSF01834"
"67596_2","BROWN","F",NA,NA,NA,"67009_1","66981_2","1758","HSF01947","1900","RT","HSM01847","HSF01845"
"67531_2","BLACK","F",NA,NA,NA,"67010_1","66990_2","1694","HSF01948","1900","RM","HSM01848","HSF01825"
"67706_2","ALBINO","F",NA,NA,NA,"67371_1","67200_2","1778","HSF01949","1900","RT","HSM01849","HSF01829"
"67698_2","BROWN HOOD","F",NA,NA,NA,"67372_1","67197_2","1774","HSF01950","1900","RT","HSM01850","HSF01817"
"67532_2","BROWN HOOD","F",NA,NA,NA,"67096_1","67098_2","1743","HSF01951","1900","RB","HSM01851","HSF01818"
"67699_2","ALBINO","F",NA,NA,NA,"67011_1","66980_2","1740","HSF01952","1900","RT","HSM01852","HSF01850"
"67367_2","BROWN HOOD","F",NA,NA,NA,"67012_1","67006_2","1732","HSF01953","1900","RB","HSM01853","HSF01803"
"67412_2","BLACK HOOD","F",NA,NA,NA,"67013_1","67003_2","1736","HSF01954","1900","RM","HSM01854","HSF01857"
"67368_2","BROWN","F",NA,NA,NA,"67014_1","67017_2","1712","HSF01955","1900","RM","HSM01855","HSF01807"
"67357_2","BLACK","F",NA,NA,NA,"67015_1","66978_2","1696","HSF01956","1900","RB","HSM01856","HSF01864"
"67413_2","BLACK","F",NA,NA,NA,"67016_1","67932_2","1718","HSF01957","1900","RM","HSM01857","HSF01822"
"67597_2","BLACK","F",NA,NA,NA,"67017_1","67014_2","1738","HSF01958","1900","RB","HSM01858","HSF01847"
"67598_2","BLACK HOOD","F",NA,NA,NA,"67032_1","67028_2","1756","HSF01959","1900","RM","HSM01859","HSF01812"
"67700_2","BLACK","F",NA,NA,NA,"67249_1","67091_2","1776","HSF01960","1900","RM","HSM01860","HSF01856"
"67708_2","BROWN","F",NA,NA,NA,"67097_1","67094_2","1808","HSF01961","1900","RB","HSM01861","HSF01854"
"67599_2","BLACK","F",NA,NA,NA,"67098_1","67096_2","1806","HSF01962","1900","RM","HSM01862","HSF01848"
"67533_2","BROWN HOOD","F",NA,NA,NA,"67018_1","67277_2","1710","HSF01963","1900","RT","HSM01863","HSF01833"
"67847_2","ALBINO","F",NA,NA,NA,"67019_1","67004_2","1721","HSF01964","1900","RT","HSM01864","HSF01843"
"67770_1","ALBINO","M",NA,NA,NA,"68053_1","67407_2","1899","HSM02001","2000","LM","HSM01901","HSF01915"
"67771_1","BROWN HOOD","M",NA,NA,NA,"67405_1","67531_2","1838","HSM02002","2000","LT","HSM01902","HSF01948"
"67772_1","BLACK","M",NA,NA,NA,"67201_1","67357_2","1779","HSM02003","2000","LM","HSM01903","HSF01956"
"67773_1","BROWN","M",NA,NA,NA,"67591_1","67283_2","1966","HSM02004","2000","LB","HSM01904","HSF01923"
"67774_1","BLACK","M",NA,NA,NA,"67202_1","67528_2","1809","HSM02005","2000","LT","HSM01905","HSF01925"
"68152_1","BLACK HOOD","M",NA,NA,NA,"67693_1","67697_2","1853","HSM02006","2000","LB","HSM01906","HSF01946"
"67776_1","BLACK","M",NA,NA,NA,"67406_1","67286_2","1789","HSM02007","2000","LT","HSM01907","HSF01932"
"67777_1","ALBINO","M",NA,NA,NA,"67361_1","67919_2","1819","HSM02008","2000","LM","HSM01908","HSF01913"
"68029_1","BROWN","M",NA,NA,NA,"67524_1","67365_2","1881","HSM02009","2000","LT","HSM01909","HSF01941"
"67779_1","BROWN HOOD","M",NA,NA,NA,"67694_1","67706_2","1860","HSM02010","2000","LB","HSM01910","HSF01949"
"67780_1","BLACK","M",NA,NA,NA,"67525_1","67529_2","1851","HSM02011","2000","RM","HSM01911","HSF01930"
"67781_1","BLACK","M",NA,NA,NA,"67362_1","67594_2","1883","HSM02012","2000","M","HSM01912","HSF01933"
"67782_1","BLACK HOOD","M",NA,NA,NA,"67526_1","67361_2","1834","HSM02013","2000","LM","HSM01913","HSF01908"
"67783_1","BROWN","M",NA,NA,NA,"67282_1","67591_2","1912","HSM02014","2000","LT","HSM01914","HSF01904"
"67784_1","ALBINO","M",NA,NA,NA,"67407_1","67362_2","1799","HSM02015","2000","LM","HSM01915","HSF01912"
"67785_1","ALBINO","M",NA,NA,NA,"67203_1","67412_2","1803","HSM02016","2000","LT","HSM01916","HSF01954"
"68243_1","BLACK","M",NA,NA,NA,"68074_1","67708_2","1887","HSM02017","2000","LT","HSM01917","HSF01961"
"67787_1","ALBINO","M",NA,NA,NA,"67592_1","67203_2","1925","HSM02018","2000","LT","HSM01918","HSF01916"
"68154_1","BROWN HOOD","M",NA,NA,NA,"67696_1","67698_2","1885","HSM02019","2000","LB","HSM01919","HSF01950"
"67789_1","ALBINO","M",NA,NA,NA,"67527_1","67597_2","1820","HSM02020","2000","LT","HSM01920","HSF01958"
"68030_1","BLACK HOOD","M",NA,NA,NA,"67593_1","67596_2","1836","HSM02021","2000","LB","HSM01921","HSF01947"
"67791_1","BROWN HOOD","M",NA,NA,NA,"67408_1","67530_2","1842","HSM02022","2000","LB","HSM01922","HSF01937"
"67792_1","BROWN HOOD","M",NA,NA,NA,"67283_1","67590_1","1815","HSM02023","2000","LT","HSM01923","HSF01901"
"67793_1","ALBINO","M",NA,NA,NA,"67363_1","67699_2","1828","HSM02024","2000","LM","HSM01924","HSF01952"
"67794_1","BROWN HOOD","M",NA,NA,NA,"67528_1","67408_2","1870","HSM02025","2000","LM","HSM01925","HSF01922"
"67795_1","BROWN HOOD","M",NA,NA,NA,"67284_1","67525_2","1811","HSM02026","2000","LM","HSM01926","HSF01911"
"67796_3","BROWN HOOD","M",NA,NA,NA,"67709_1","67707_2","1888","HSM02027","2000","LM","HSM01927","HSF01929"
"67797_1","BROWN","M",NA,NA,NA,"67285_1","67533_2","1783","HSM02028","2000","LT","HSM01928","HSF01963"
"68245_1","BLACK","M",NA,NA,NA,"67707_1","67693_2","1908","HSM02029","2000","LB","HSM01929","HSF01906"
"67799_1","ALBINO","M",NA,NA,NA,"67529_1","67363_2","1868","HSM02030","2000","LT","HSM01930","HSF01924"
"67800_1","BROWN HOOD","M",NA,NA,NA,"67364_1","67532_2","1813","HSM02031","2000","LB","HSM01931","HSF01951"
"67801_1","BROWN HOOD","M",NA,NA,NA,"67286_1","67524_2","1826","HSM02032","2000","LT","HSM01932","HSF01909"
"68720_1","ALBINO","M",NA,NA,NA,"67594_1","67406_2","1910","HSM02033","2000","LT","HSM01933","HSF01907"
"67803_1","BROWN HOOD","M",NA,NA,NA,"67355_1","67410_2","1904","HSM02034","2000","LT","HSM01934","HSF01943"
"67804_1","BROWN HOOD","M",NA,NA,NA,"67245_1","67367_2","1801","HSM02035","2000","LB","HSM01935","HSF01953"
"67805_1","BLACK","M",NA,NA,NA,"67205_1","67368_2","1785","HSM02036","2000","LM","HSM01936","HSF01955"
"67806_1","BLACK","M",NA,NA,NA,"67922_1","67593_2","1862","HSM02037","2000","LT","HSM01937","HSF01921"
"67807_1","BLACK","M",NA,NA,NA,"67206_1","67246_1","1771","HSM02038","2000","LT","HSM01938","HSF01944"
"67808_1","BLACK","M",NA,NA,NA,"67595_1","67592_2","1830","HSM02039","2000","LB","HSM01939","HSF01918"
"67809_1","BLACK","M",NA,NA,NA,"67409_1","67599_2","1876","HSM02040","2000","LM","HSM01940","HSF01962"
"67810_1","BROWN HOOD","M",NA,NA,NA,"67365_1","67285_2","1787","HSM02041","2000","LB","HSM01941","HSF01928"
"67811_1","BLACK","M",NA,NA,NA,"67366_1","67355_2","1795","HSM02042","2000","LB","HSM01942","HSF01934"
"67812_1","BROWN HOOD","M",NA,NA,NA,"67410_1","67405_2","1781","HSM02043","2000","LB","HSM01943","HSF01902"
"67813_1","BROWN","M",NA,NA,NA,"67246_2","67201_2","1793","HSM02044","2000","LM","HSM01944","HSF01903"
"67814_1","BROWN","M",NA,NA,NA,"67411_1","67366_2","1844","HSM02045","2000","LT","HSM01945","HSF01942"
"68155_1","BLACK","M",NA,NA,NA,"67697_1","67694_2","1878","HSM02046","2000","LB","HSM01946","HSF01910"
"67816_1","BLACK","M",NA,NA,NA,"67596_1","67364_2","1872","HSM02047","2000","LB","HSM01947","HSF01931"
"67817_1","ALBINO","M",NA,NA,NA,"67531_1","67202_2","1824","HSM02048","2000","LB","HSM01948","HSF01905"
"67818_1","BROWN","M",NA,NA,NA,"67706_1","67709_2","1895","HSM02049","2000","LM","HSM01949","HSF01927"
"67819_1","BLACK HOOD","M",NA,NA,NA,"67698_1","68074_2","1893","HSM02050","2000","LT","HSM01950","HSF01917"
"67820_1","BROWN HOOD","M",NA,NA,NA,"68021_1","67409_2","1891","HSM02051","2000","LB","HSM01951","HSF01940"
"67821_1","BROWN","M",NA,NA,NA,"67699_1","67700_2","1866","HSM02052","2000","LB","HSM01952","HSF01960"
"67956_1","BROWN","M",NA,NA,NA,"67367_1","67245_2","1858","HSM02053","2000","LM","HSM01953","HSF01935"
"67823_1","BROWN","M",NA,NA,NA,"67412_1","67595_2","1864","HSM02054","2000","LM","HSM01954","HSF01939"
"67824_1","BROWN","M",NA,NA,NA,"67368_1","67205_2","1846","HSM02055","2000","LM","HSM01955","HSF01936"
"67825_1","BLACK HOOD","M",NA,NA,NA,"67357_1","67527_2","1822","HSM02056","2000","LM","HSM01956","HSF01920"
"67826_1","ALBINO","M",NA,NA,NA,"67413_1","67847_2","1840","HSM02057","2000","LM","HSM01957","HSF01964"
"67827_1","ALBINO","M",NA,NA,NA,"67597_1","67413_2","1848","HSM02058","2000","LB","HSM01958","HSF01957"
"68033_1","BROWN HOOD","M",NA,NA,NA,"67598_1","67284_2","1856","HSM02059","2000","LT","HSM01959","HSF01926"
"67829_1","BLACK HOOD","M",NA,NA,NA,"67700_1","67282_2","1897","HSM02060","2000","LT","HSM01960","HSF01914"
"68246_1","BROWN HOOD","M",NA,NA,NA,"67708_1","67696_2","1902","HSM02061","2000","LT","HSM01961","HSF01919"
"67831_1","BROWN","M",NA,NA,NA,"67599_1","67411_2","1906","HSM02062","2000","LM","HSM01962","HSF01945"
"67832_1","BROWN HOOD","M",NA,NA,NA,"67533_1","67598_2","1832","HSM02063","2000","LT","HSM01963","HSF01959"
"67833_1","BROWN HOOD","M",NA,NA,NA,"67358_1","67206_2","1797","HSM02064","2000","LT","HSM01964","HSF01938"
"67770_2","BLACK HOOD","F",NA,NA,NA,"68053_1","67407_2","1900","HSF02001","2000","RM","HSM01901","HSF01915"
"67771_2","BLACK HOOD","F",NA,NA,NA,"67405_1","67531_2","1839","HSF02002","2000","RT","HSM01902","HSF01948"
"67772_2","BLACK HOOD","F",NA,NA,NA,"67201_1","67357_2","1780","HSF02003","2000","RM","HSM01903","HSF01956"
"67773_2","BROWN HOOD","F",NA,NA,NA,"67591_1","67283_2","1967","HSF02004","2000","RT","HSM01904","HSF01923"
"67774_2","ALBINO","F",NA,NA,NA,"67202_1","67528_2","1810","HSF02005","2000","RT","HSM01905","HSF01925"
"68152_2","BROWN HOOD","F",NA,NA,NA,"67693_1","67697_2","1855","HSF02006","2000","RB","HSM01906","HSF01946"
"67776_2","BROWN HOOD","F",NA,NA,NA,"67406_1","67286_2","1790","HSF02007","2000","RT","HSM01907","HSF01932"
"68303_2","BROWN HOOD","F",NA,NA,NA,"67361_1","67919_2","1850","HSF02008","2000","RT","HSM01908","HSF01913"
"68029_2","ALBINO","F",NA,NA,NA,"67524_1","67365_2","1882","HSF02009","2000","RT","HSM01909","HSF01941"
"67779_2","BROWN HOOD","F",NA,NA,NA,"67694_1","67706_2","1861","HSF02010","2000","RB","HSM01910","HSF01949"
"67780_2","BROWN HOOD","F",NA,NA,NA,"67525_1","67529_2","1852","HSF02011","2000","RM","HSM01911","HSF01930"
"67781_2","BROWN","F",NA,NA,NA,"67362_1","67594_2","1884","HSF02012","2000","F","HSM01912","HSF01933"
"67782_2","ALBINO","F",NA,NA,NA,"67526_1","67361_2","1835","HSF02013","2000","RM","HSM01913","HSF01908"
"67783_2","BROWN HOOD","F",NA,NA,NA,"67282_1","67591_2","1913","HSF02014","2000","RT","HSM01914","HSF01904"
"67784_2","BLACK HOOD","F",NA,NA,NA,"67407_1","67362_2","1800","HSF02015","2000","RM","HSM01915","HSF01912"
"67785_2","BROWN HOOD","F",NA,NA,NA,"67203_1","67412_2","1804","HSF02016","2000","RT","HSM01916","HSF01954"
"68570_2","BROWN","F",NA,NA,NA,"68074_1","67708_2","1901","HSF02017","2000","RB","HSM01917","HSF01961"
"67787_2","ALBINO","F",NA,NA,NA,"67592_1","67203_2","1926","HSF02018","2000","RT","HSM01918","HSF01916"
"68154_2","BROWN HOOD","F",NA,NA,NA,"67696_1","67698_2","1886","HSF02019","2000","RB","HSM01919","HSF01950"
"67789_2","BLACK","F",NA,NA,NA,"67527_1","67597_2","1821","HSF02020","2000","RT","HSM01920","HSF01958"
"68030_2","BROWN HOOD","F",NA,NA,NA,"67593_1","67596_2","1837","HSF02021","2000","RB","HSM01921","HSF01947"
"67791_2","BROWN HOOD","F",NA,NA,NA,"67408_1","67530_2","1943","HSF02022","2000","RB","HSM01922","HSF01937"
"67792_2","BROWN","F",NA,NA,NA,"67283_1","67590_1","1816","HSF02023","2000","RT","HSM01923","HSF01901"
"67793_2","ALBINO","F",NA,NA,NA,"67363_1","67699_2","1829","HSF02024","2000","RM","HSM01924","HSF01952"
"67794_2","BROWN HOOD","F",NA,NA,NA,"67528_1","67408_2","1871","HSF02025","2000","RM","HSM01925","HSF01922"
"67795_2","BROWN HOOD","F",NA,NA,NA,"67284_1","67525_2","1812","HSF02026","2000","RM","HSM01926","HSF01911"
"67796_4","BLACK HOOD","F",NA,NA,NA,"67709_1","67707_2","1890","HSF02027","2000","RM","HSM01927","HSF01929"
"67797_2","BROWN HOOD","F",NA,NA,NA,"67285_1","67533_2","1784","HSF02028","2000","RT","HSM01928","HSF01963"
"68245_2","BROWN","F",NA,NA,NA,"67707_1","67693_2","1909","HSF02029","2000","RB","HSM01929","HSF01906"
"67799_2","ALBINO","F",NA,NA,NA,"67529_1","67363_2","1869","HSF02030","2000","RT","HSM01930","HSF01924"
"67800_2","BLACK HOOD","F",NA,NA,NA,"67364_1","67532_2","1814","HSF02031","2000","RB","HSM01931","HSF01951"
"67801_2","BROWN HOOD","F",NA,NA,NA,"67286_1","67524_2","1827","HSF02032","2000","RT","HSM01932","HSF01909"
"68720_2","BLACK HOOD","F",NA,NA,NA,"67594_1","67406_2","1911","HSF02033","2000","RT","HSM01933","HSF01907"
"67803_2","BROWN HOOD","F",NA,NA,NA,"67355_1","67410_2","1905","HSF02034","2000","RT","HSM01934","HSF01943"
"67804_2","BROWN HOOD","F",NA,NA,NA,"67245_1","67367_2","1802","HSF02035","2000","RB","HSM01935","HSF01953"
"67805_2","BLACK","F",NA,NA,NA,"67205_1","67368_2","1786","HSF02036","2000","RM","HSM01936","HSF01955"
"67806_2","BROWN","F",NA,NA,NA,"67922_1","67593_2","1863","HSF02037","2000","RT","HSM01937","HSF01921"
"67807_2","ALBINO","F",NA,NA,NA,"67206_1","67246_1","1772","HSF02038","2000","RT","HSM01938","HSF01944"
"67808_2","BLACK","F",NA,NA,NA,"67595_1","67592_2","1831","HSF02039","2000","RB","HSM01939","HSF01918"
"67809_2","BLACK HOOD","F",NA,NA,NA,"67409_1","67599_2","1877","HSF02040","2000","RM","HSM01940","HSF01962"
"67810_2","BROWN HOOD","F",NA,NA,NA,"67365_1","67285_2","1788","HSF02041","2000","RB","HSM01941","HSF01928"
"67811_2","BLACK","F",NA,NA,NA,"67366_1","67355_2","1796","HSF02042","2000","RB","HSM01942","HSF01934"
"67812_2","ALBINO","F",NA,NA,NA,"67410_1","67405_2","1782","HSF02043","2000","RB","HSM01943","HSF01902"
"67813_2","BLACK","F",NA,NA,NA,"67246_2","67201_2","1794","HSF02044","2000","RM","HSM01944","HSF01903"
"67814_2","BROWN","F",NA,NA,NA,"67411_1","67366_2","1845","HSF02045","2000","RT","HSM01945","HSF01942"
"68155_2","BLACK","F",NA,NA,NA,"67697_1","67694_2","1879","HSF02046","2000","RB","HSM01946","HSF01910"
"67816_2","ALBINO","F",NA,NA,NA,"67596_1","67364_2","1873","HSF02047","2000","RB","HSM01947","HSF01931"
"67817_2","BLACK","F",NA,NA,NA,"67531_1","67202_2","1825","HSF02048","2000","RB","HSM01948","HSF01905"
"67818_2","BROWN","F",NA,NA,NA,"67706_1","67709_2","1896","HSF02049","2000","RM","HSM01949","HSF01927"
"67819_2","BLACK HOOD","F",NA,NA,NA,"67698_1","68074_2","1894","HSF02050","2000","RT","HSM01950","HSF01917"
"67820_2","BROWN HOOD","F",NA,NA,NA,"68021_1","67409_2","1892","HSF02051","2000","RB","HSM01951","HSF01940"
"67821_2","BROWN","F",NA,NA,NA,"67699_1","67700_2","1867","HSF02052","2000","RB","HSM01952","HSF01960"
"67956_2","BROWN","F",NA,NA,NA,"67367_1","67245_2","1859","HSF02053","2000","RM","HSM01953","HSF01935"
"67823_2","ALBINO","F",NA,NA,NA,"67412_1","67595_2","1865","HSF02054","2000","RM","HSM01954","HSF01939"
"67824_2","BLACK","F",NA,NA,NA,"67368_1","67205_2","1847","HSF02055","2000","RM","HSM01955","HSF01936"
"67825_2","BLACK","F",NA,NA,NA,"67357_1","67527_2","1823","HSF02056","2000","RM","HSM01956","HSF01920"
"67826_2","BLACK","F",NA,NA,NA,"67413_1","67847_2","1841","HSF02057","2000","RM","HSM01957","HSF01964"
"67827_2","BLACK","F",NA,NA,NA,"67597_1","67413_2","1849","HSF02058","2000","RB","HSM01958","HSF01957"
"68033_2","BROWN HOOD","F",NA,NA,NA,"67598_1","67284_2","1857","HSF02059","2000","RT","HSM01959","HSF01926"
"67829_2","BLACK HOOD","F",NA,NA,NA,"67700_1","67282_2","1898","HSF02060","2000","RT","HSM01960","HSF01914"
"68246_2","BLACK HOOD","F",NA,NA,NA,"67708_1","67696_2","1903","HSF02061","2000","RT","HSM01961","HSF01919"
"67831_2","BROWN","F",NA,NA,NA,"67599_1","67411_2","1907","HSF02062","2000","RM","HSM01962","HSF01945"
"67832_2","BLACK HOOD","F",NA,NA,NA,"67533_1","67598_2","1833","HSF02063","2000","RT","HSM01963","HSF01959"
"67833_2","BROWN HOOD","F",NA,NA,NA,"67358_1","67206_2","1798","HSF02064","2000","RT","HSM01964","HSF01938"
"68666_1",NA,"M",NA,NA,NA,"67770_1","67791_2",NA,"HSM02101","2100","LM","HSM02001","HSF02022"
"68667_1",NA,"M",NA,NA,NA,"67771_1","67832_2",NA,"HSM02102","2100","LT","HSM02002","HSF02063"
"69290_1",NA,"M",NA,NA,NA,"67772_1","68033_2",NA,"HSM02103","2100","LM","HSM02003","HSF02059"
"69095_1",NA,"M",NA,NA,NA,"67773_1","67785_2",NA,"HSM02104","2100","LB","HSM02004","HSF02016"
"68669_1",NA,"M",NA,NA,NA,"67774_1","67833_2",NA,"HSM02105","2100","LT","HSM02005","HSF02064"
"68670_1",NA,"M",NA,NA,NA,"68152_1","68029_2",NA,"HSM02106","2100","LB","HSM02006","HSF02009"
"68671_1",NA,"M",NA,NA,NA,"67776_1","67819_2",NA,"HSM02107","2100","LT","HSM02007","HSF02050"
"69734_1",NA,"M",NA,NA,NA,"67776_1","67819_2",NA,"HSM02107B","2100","LT","HSM02007","HSF02050"
"68672_1",NA,"M",NA,NA,NA,"67777_1","67779_2",NA,"HSM02108","2100","LM","HSM02008","HSF02010"
"68673_1",NA,"M",NA,NA,NA,"68029_1","68152_2",NA,"HSM02109","2100","LT","HSM02009","HSF02006"
"68674_1",NA,"M",NA,NA,NA,"67779_1","68303_2",NA,"HSM02110","2100","LB","HSM02010","HSF02008"
"68675_1",NA,"M",NA,NA,NA,"67780_1","67816_2",NA,"HSM02111","2100","RM","HSM02011","HSF02047"
"68677_1",NA,"M",NA,NA,NA,"67782_1","67818_2",NA,"HSM02113","2100","LM","HSM02013","HSF02049"
"69030_1",NA,"M",NA,NA,NA,"67783_1","67805_2",NA,"HSM02114","2100","LT","HSM02014","HSF02036"
"68786_1",NA,"M",NA,NA,NA,"67784_1","67803_2",NA,"HSM02115","2100","LM","HSM02015","HSF02034"
"68678_1",NA,"M",NA,NA,NA,"67785_1","67771_2",NA,"HSM02116","2100","LT","HSM02016","HSF02002"
"68679_1",NA,"M",NA,NA,NA,"68243_1","67774_2",NA,"HSM02117","2100","LT","HSM02017","HSF02005"
"69031_1",NA,"M",NA,NA,NA,"67787_1","67792_2",NA,"HSM02118","2100","LT","HSM02018","HSF02023"
"68680_1",NA,"M",NA,NA,NA,"68154_1","67824_2",NA,"HSM02119","2100","LB","HSM02019","HSF02055"
"68681_1",NA,"M",NA,NA,NA,"67789_1","68155_2",NA,"HSM02120","2100","LT","HSM02020","HSF02046"
"68682_1",NA,"M",NA,NA,NA,"68030_1","67800_2",NA,"HSM02121","2100","LB","HSM02021","HSF02031"
"68683_1",NA,"M",NA,NA,NA,"67791_1","67770_2",NA,"HSM02122","2100","LB","HSM02022","HSF02001"
"68684_1",NA,"M",NA,NA,NA,"67792_1","67780_2",NA,"HSM02123","2100","LT","HSM02023","HSF02011"
"68685_1",NA,"M",NA,NA,NA,"67793_1","67797_2",NA,"HSM02124","2100","LM","HSM02024","HSF02028"
"68686_1",NA,"M",NA,NA,NA,"67794_1","67827_2",NA,"HSM02125","2100","LM","HSM02025","HSF02058"
"68687_1",NA,"M",NA,NA,NA,"67795_1","68154_2",NA,"HSM02126","2100","LM","HSM02026","HSF02019"
"68688_1",NA,"M",NA,NA,NA,"67796_3","67795_2",NA,"HSM02127","2100","LM","HSM02027","HSF02026"
"68689_1",NA,"M",NA,NA,NA,"67797_1","67782_2",NA,"HSM02128","2100","LT","HSM02028","HSF02013"
"69032_1",NA,"M",NA,NA,NA,"68245_1","67810_2",NA,"HSM02129","2100","LB","HSM02029","HSF02041"
"68690_1",NA,"M",NA,NA,NA,"67799_1","67794_2",NA,"HSM02130","2100","LT","HSM02030","HSF02025"
"68691_1",NA,"M",NA,NA,NA,"67800_1","68030_2",NA,"HSM02131","2100","LB","HSM02031","HSF02021"
"68692_1",NA,"M",NA,NA,NA,"67801_1","67814_2",NA,"HSM02132","2100","LT","HSM02032","HSF02045"
"69033_1",NA,"M",NA,NA,NA,"68720_1","67806_2",NA,"HSM02133","2100","LT","HSM02033","HSF02037"
"69034_1",NA,"M",NA,NA,NA,"67803_1","67773_2",NA,"HSM02134","2100","LT","HSM02034","HSF02004"
"68693_1",NA,"M",NA,NA,NA,"67804_1","67807_2",NA,"HSM02135","2100","LB","HSM02035","HSF02038"
"68881_1",NA,"M",NA,NA,NA,"67805_1","67783_2",NA,"HSM02136","2100","LM","HSM02036","HSF02014"
"68694_1",NA,"M",NA,NA,NA,"67806_1","67801_2",NA,"HSM02137","2100","LT","HSM02037","HSF02032"
"68695_1",NA,"M",NA,NA,NA,"67807_1","67784_2",NA,"HSM02138","2100","LT","HSM02038","HSF02015"
"68696_1",NA,"M",NA,NA,NA,"67808_1","68570_2",NA,"HSM02139","2100","LB","HSM02039","HSF02017"
"68697_1",NA,"M",NA,NA,NA,"67809_1","67821_2",NA,"HSM02140","2100","LM","HSM02040","HSF02052"
"68698_1",NA,"M",NA,NA,NA,"67810_1","67804_2",NA,"HSM02141","2100","LB","HSM02041","HSF02035"
"68699_1",NA,"M",NA,NA,NA,"67811_1","67829_2",NA,"HSM02142","2100","LB","HSM02042","HSF02060"
"68700_1",NA,"M",NA,NA,NA,"67812_1","67817_2",NA,"HSM02143","2100","LB","HSM02043","HSF02048"
"68701_1",NA,"M",NA,NA,NA,"67813_1","67799_2",NA,"HSM02144","2100","LM","HSM02044","HSF02030"
"68702_1",NA,"M",NA,NA,NA,"67814_1","67796_4",NA,"HSM02145","2100","LT","HSM02045","HSF02027"
"68997_1",NA,"M",NA,NA,NA,"68155_1","67793_2",NA,"HSM02146","2100","LB","HSM02046","HSF02024"
"68703_1",NA,"M",NA,NA,NA,"67816_1","67809_2",NA,"HSM02147","2100","LB","HSM02047","HSF02040"
"68788_1",NA,"M",NA,NA,NA,"67817_1","68245_2",NA,"HSM02148","2100","LB","HSM02048","HSF02029"
"69088_1",NA,"M",NA,NA,NA,"67818_1","67811_2",NA,"HSM02149","2100","LM","HSM02049","HSF02042"
"68705_1",NA,"M",NA,NA,NA,"67819_1","67812_2",NA,"HSM02150","2100","LT","HSM02050","HSF02043"
"68706_1",NA,"M",NA,NA,NA,"67820_1","67808_2",NA,"HSM02151","2100","LB","HSM02051","HSF02039"
"68789_1",NA,"M",NA,NA,NA,"67821_1","68720_2",NA,"HSM02152","2100","LB","HSM02052","HSF02033"
"68707_1",NA,"M",NA,NA,NA,"67956_1","67823_2",NA,"HSM02153","2100","LM","HSM02053","HSF02054"
"68708_1",NA,"M",NA,NA,NA,"67823_1","67789_2",NA,"HSM02154","2100","LM","HSM02054","HSF02020"
"68709_1",NA,"M",NA,NA,NA,"67824_1","67776_2",NA,"HSM02155","2100","LM","HSM02055","HSF02007"
"68787_1",NA,"M",NA,NA,NA,"67825_1","67831_2",NA,"HSM02156","2100","LM","HSM02056","HSF02062"
"68710_1",NA,"M",NA,NA,NA,"67826_1","67820_2",NA,"HSM02157","2100","LM","HSM02057","HSF02051"
"68711_1",NA,"M",NA,NA,NA,"67827_1","67813_2",NA,"HSM02158","2100","LB","HSM02058","HSF02044"
"68712_1",NA,"M",NA,NA,NA,"68033_1","67825_2",NA,"HSM02159","2100","LT","HSM02059","HSF02056"
"68713_1",NA,"M",NA,NA,NA,"67829_1","67772_2",NA,"HSM02160","2100","LT","HSM02060","HSF02003"
"68882_1",NA,"M",NA,NA,NA,"68246_1","67787_2",NA,"HSM02161","2100","LT","HSM02061","HSF02018"
"69035_1",NA,"M",NA,NA,NA,"67831_1","67826_2",NA,"HSM02162","2100","LM","HSM02062","HSF02057"
"68714_1",NA,"M",NA,NA,NA,"67832_1","67781_2",NA,"HSM02163","2100","LT","HSM02063","HSF02012"
"68715_1",NA,"M",NA,NA,NA,"67833_1","67956_2",NA,"HSM02164","2100","LT","HSM02064","HSF02053"
"68666_2",NA,"F",NA,NA,NA,"67770_1","67791_2",NA,"HSF02101","2100","RM","HSM02001","HSF02022"
"68667_2",NA,"F",NA,NA,NA,"67771_1","67832_2",NA,"HSF02102","2100","RT","HSM02002","HSF02063"
"68668_2",NA,"F",NA,NA,NA,"67772_1","68033_2",NA,"HSF02103","2100","RM","HSM02003","HSF02059"
"69095_2",NA,"F",NA,NA,NA,"67773_1","67785_2",NA,"HSF02104","2100","RT","HSM02004","HSF02016"
"68669_2",NA,"F",NA,NA,NA,"67774_1","67833_2",NA,"HSF02105","2100","RT","HSM02005","HSF02064"
"68670_2",NA,"F",NA,NA,NA,"68152_1","68029_2",NA,"HSF02106","2100","RB","HSM02006","HSF02009"
"68671_2",NA,"F",NA,NA,NA,"67776_1","67819_2",NA,"HSF02107","2100","RT","HSM02007","HSF02050"
"68672_2",NA,"F",NA,NA,NA,"67777_1","67779_2",NA,"HSF02108","2100","RT","HSM02008","HSF02010"
"68673_2",NA,"F",NA,NA,NA,"68029_1","68152_2",NA,"HSF02109","2100","RT","HSM02009","HSF02006"
"68674_2",NA,"F",NA,NA,NA,"67779_1","68303_2",NA,"HSF02110","2100","RB","HSM02010","HSF02008"
"68675_2",NA,"F",NA,NA,NA,"67780_1","67816_2",NA,"HSF02111","2100","RM","HSM02011","HSF02047"
"68677_2",NA,"F",NA,NA,NA,"67782_1","67818_2",NA,"HSF02113","2100","RM","HSM02013","HSF02049"
"69030_2",NA,"F",NA,NA,NA,"67783_1","67805_2",NA,"HSF02114","2100","RT","HSM02014","HSF02036"
"68786_2",NA,"F",NA,NA,NA,"67784_1","67803_2",NA,"HSF02115","2100","RM","HSM02015","HSF02034"
"68678_2",NA,"F",NA,NA,NA,"67785_1","67771_2",NA,"HSF02116","2100","RT","HSM02016","HSF02002"
"68679_2",NA,"F",NA,NA,NA,"68243_1","67774_2",NA,"HSF02117","2100","RB","HSM02017","HSF02005"
"69031_2",NA,"F",NA,NA,NA,"67787_1","67792_2",NA,"HSF02118","2100","RT","HSM02018","HSF02023"
"68680_2",NA,"F",NA,NA,NA,"68154_1","67824_2",NA,"HSF02119","2100","RB","HSM02019","HSF02055"
"68990_1",NA,"F",NA,NA,NA,"67789_1","68155_2",NA,"HSF02120","2100","RT","HSM02020","HSF02046"
"69621_1",NA,"F",NA,NA,NA,"67789_1","68155_2",NA,"HSF02120B","2100","RT","HSM02020","HSF02046"
"68682_2",NA,"F",NA,NA,NA,"68030_1","67800_2",NA,"HSF02121","2100","RB","HSM02021","HSF02031"
"68683_2",NA,"F",NA,NA,NA,"67791_1","67770_2",NA,"HSF02122","2100","RB","HSM02022","HSF02001"
"68684_2",NA,"F",NA,NA,NA,"67792_1","67780_2",NA,"HSF02123","2100","RT","HSM02023","HSF02011"
"68685_2",NA,"F",NA,NA,NA,"67793_1","67797_2",NA,"HSF02124","2100","RM","HSM02024","HSF02028"
"68686_2",NA,"F",NA,NA,NA,"67794_1","67827_2",NA,"HSF02125","2100","RM","HSM02025","HSF02058"
"68687_2",NA,"F",NA,NA,NA,"67795_1","68154_2",NA,"HSF02126","2100","RM","HSM02026","HSF02019"
"68688_2",NA,"F",NA,NA,NA,"67796_3","67795_2",NA,"HSF02127","2100","RM","HSM02027","HSF02026"
"68689_2",NA,"F",NA,NA,NA,"67797_1","67782_2",NA,"HSF02128","2100","RT","HSM02028","HSF02013"
"69032_2",NA,"F",NA,NA,NA,"68245_1","67810_2",NA,"HSF02129","2100","RB","HSM02029","HSF02041"
"68690_2",NA,"F",NA,NA,NA,"67799_1","67794_2",NA,"HSF02130","2100","RT","HSM02030","HSF02025"
"68691_2",NA,"F",NA,NA,NA,"67800_1","68030_2",NA,"HSF02131","2100","RB","HSM02031","HSF02021"
"68692_2",NA,"F",NA,NA,NA,"67801_1","67814_2",NA,"HSF02132","2100","RT","HSM02032","HSF02045"
"69033_2",NA,"F",NA,NA,NA,"68720_1","67806_2",NA,"HSF02133","2100","RT","HSM02033","HSF02037"
"69034_2",NA,"F",NA,NA,NA,"67803_1","67773_2",NA,"HSF02134","2100","RT","HSM02034","HSF02004"
"68693_2",NA,"F",NA,NA,NA,"67804_1","67807_2",NA,"HSF02135","2100","RB","HSM02035","HSF02038"
"68881_2",NA,"F",NA,NA,NA,"67805_1","67783_2",NA,"HSF02136","2100","RM","HSM02036","HSF02014"
"68694_2",NA,"F",NA,NA,NA,"67806_1","67801_2",NA,"HSF02137","2100","RT","HSM02037","HSF02032"
"68695_2",NA,"F",NA,NA,NA,"67807_1","67784_2",NA,"HSF02138","2100","RT","HSM02038","HSF02015"
"68696_2",NA,"F",NA,NA,NA,"67808_1","68570_2",NA,"HSF02139","2100","RB","HSM02039","HSF02017"
"68697_2",NA,"F",NA,NA,NA,"67809_1","67821_2",NA,"HSF02140","2100","RM","HSM02040","HSF02052"
"68698_2",NA,"F",NA,NA,NA,"67810_1","67804_2",NA,"HSF02141","2100","RB","HSM02041","HSF02035"
"68699_2",NA,"F",NA,NA,NA,"67811_1","67829_2",NA,"HSF02142","2100","RB","HSM02042","HSF02060"
"68700_2",NA,"F",NA,NA,NA,"67812_1","67817_2",NA,"HSF02143","2100","RB","HSM02043","HSF02048"
"68701_2",NA,"F",NA,NA,NA,"67813_1","67799_2",NA,"HSF02144","2100","RM","HSM02044","HSF02030"
"68702_2",NA,"F",NA,NA,NA,"67814_1","67796_4",NA,"HSF02145","2100","RT","HSM02045","HSF02027"
"68997_2",NA,"F",NA,NA,NA,"68155_1","67793_2",NA,"HSF02146","2100","RB","HSM02046","HSF02024"
"68703_2",NA,"F",NA,NA,NA,"67816_1","67809_2",NA,"HSF02147","2100","RB","HSM02047","HSF02040"
"68788_2",NA,"F",NA,NA,NA,"67817_1","68245_2",NA,"HSF02148","2100","RB","HSM02048","HSF02029"
"68704_2",NA,"F",NA,NA,NA,"67818_1","67811_2",NA,"HSF02149","2100","RM","HSM02049","HSF02042"
"68705_2",NA,"F",NA,NA,NA,"67819_1","67812_2",NA,"HSF02150","2100","RT","HSM02050","HSF02043"
"68706_2",NA,"F",NA,NA,NA,"67820_1","67808_2",NA,"HSF02151","2100","RB","HSM02051","HSF02039"
"68789_2",NA,"F",NA,NA,NA,"67821_1","68720_2",NA,"HSF02152","2100","RB","HSM02052","HSF02033"
"68707_2",NA,"F",NA,NA,NA,"67956_1","67823_2",NA,"HSF02153","2100","RM","HSM02053","HSF02054"
"68708_2",NA,"F",NA,NA,NA,"67823_1","67789_2",NA,"HSF02154","2100","RM","HSM02054","HSF02020"
"68709_2",NA,"F",NA,NA,NA,"67824_1","67776_2",NA,"HSF02155","2100","RM","HSM02055","HSF02007"
"68787_2",NA,"F",NA,NA,NA,"67825_1","67831_2",NA,"HSF02156","2100","RM","HSM02056","HSF02062"
"68710_2",NA,"F",NA,NA,NA,"67826_1","67820_2",NA,"HSF02157","2100","RM","HSM02057","HSF02051"
"68711_2",NA,"F",NA,NA,NA,"67827_1","67813_2",NA,"HSF02158","2100","RB","HSM02058","HSF02044"
"68712_2",NA,"F",NA,NA,NA,"68033_1","67825_2",NA,"HSF02159","2100","RT","HSM02059","HSF02056"
"68713_2",NA,"F",NA,NA,NA,"67829_1","67772_2",NA,"HSF02160","2100","RT","HSM02060","HSF02003"
"68882_2",NA,"F",NA,NA,NA,"68246_1","67787_2",NA,"HSF02161","2100","RT","HSM02061","HSF02018"
"69035_2",NA,"F",NA,NA,NA,"67831_1","67826_2",NA,"HSF02162","2100","RM","HSM02062","HSF02057"
"68714_2",NA,"F",NA,NA,NA,"67832_1","67781_2",NA,"HSF02163","2100","RT","HSM02063","HSF02012"
"68715_2",NA,"F",NA,NA,NA,"67833_1","67956_2",NA,"HSF02164","2100","RT","HSM02064","HSF02053"
"69448_1",NA,"M",NA,NA,NA,"68666_1","68693_2",NA,"HSM02201","2200",NA,"HSM02101","HSF02135"
"69402_1",NA,"M",NA,NA,NA,"68667_1","68707_2",NA,"HSM02202","2200",NA,"HSM02102","HSF02153"
"69515_1",NA,"M",NA,NA,NA,"69290_1","68705_2",NA,"HSM02203","2200",NA,"HSM02103","HSF02150"
"69516_1",NA,"M",NA,NA,NA,"69095_1","68709_2",NA,"HSM02204","2200",NA,"HSM02104","HSF02155"
"69403_1",NA,"M",NA,NA,NA,"68669_1","68708_2",NA,"HSM02205","2200",NA,"HSM02105","HSF02154"
"69313_1",NA,"M",NA,NA,NA,"68670_1","68700_2",NA,"HSM02206","2200",NA,"HSM02106","HSF02143"
"69449_1",NA,"M",NA,NA,NA,"68671_1","69035_2",NA,"HSM02207","2200",NA,"HSM02107","HSF02162"
"69450_1",NA,"M",NA,NA,NA,"68672_1","68881_2",NA,"HSM02208","2200",NA,"HSM02108","HSF02136"
"69404_1",NA,"M",NA,NA,NA,"68673_1","68714_2",NA,"HSM02209","2200",NA,"HSM02109","HSF02163"
"69405_1",NA,"M",NA,NA,NA,"68674_1","68679_2",NA,"HSM02210","2200",NA,"HSM02110","HSF02117"
"69406_1",NA,"M",NA,NA,NA,"68675_1","68997_2",NA,"HSM02211","2200",NA,"HSM02111","HSF02146"
"70215_1",NA,"M",NA,NA,NA,"69734_1","69621_1",NA,"HSM02207B","2200",NA,"HSM02107B","HSF02120B"
"69661_1",NA,"M",NA,NA,NA,"68677_1","68786_2",NA,"HSM02213","2200",NA,"HSM02113","HSF02115"
"69764_1",NA,"M",NA,NA,NA,"69030_1","68789_2",NA,"HSM02214","2200",NA,"HSM02114","HSF02152"
"69408_1",NA,"M",NA,NA,NA,"68786_1","68668_2",NA,"HSM02215","2200",NA,"HSM02115","HSF02103"
"69514_1",NA,"M",NA,NA,NA,"68678_1","69030_2",NA,"HSM02216","2200",NA,"HSM02116","HSF02114"
"69451_1",NA,"M",NA,NA,NA,"68679_1","68675_2",NA,"HSM02217","2200",NA,"HSM02117","HSF02111"
"69631_1",NA,"M",NA,NA,NA,"69031_1","68702_2",NA,"HSM02218","2200",NA,"HSM02118","HSF02145"
"69409_1",NA,"M",NA,NA,NA,"68680_1","68704_2",NA,"HSM02219","2200",NA,"HSM02119","HSF02149"
"69314_1",NA,"M",NA,NA,NA,"68681_1","68671_2",NA,"HSM02220","2200",NA,"HSM02120","HSF02107"
"69410_1",NA,"M",NA,NA,NA,"68682_1","68715_2",NA,"HSM02221","2200",NA,"HSM02121","HSF02164"
"69630_1",NA,"M",NA,NA,NA,"68683_1","68674_2",NA,"HSM02222","2200",NA,"HSM02122","HSF02110"
"69315_1",NA,"M",NA,NA,NA,"68684_1","68691_2",NA,"HSM02223","2200",NA,"HSM02123","HSF02131"
"69452_1",NA,"M",NA,NA,NA,"68685_1","68990_1",NA,"HSM02224","2200",NA,"HSM02124","HSF02120"
"69453_1",NA,"M",NA,NA,NA,"68686_1","69033_2",NA,"HSM02225","2200",NA,"HSM02125","HSF02133"
"69454_1",NA,"M",NA,NA,NA,"68687_1","69032_2",NA,"HSM02226","2200",NA,"HSM02126","HSF02129"
"69455_1",NA,"M",NA,NA,NA,"68688_1","68699_2",NA,"HSM02227","2200",NA,"HSM02127","HSF02142"
"69316_1",NA,"M",NA,NA,NA,"68689_1","68712_2",NA,"HSM02228","2200",NA,"HSM02128","HSF02159"
"69411_1",NA,"M",NA,NA,NA,"69032_1","68682_2",NA,"HSM02229","2200",NA,"HSM02129","HSF02121"
"69456_1",NA,"M",NA,NA,NA,"68690_1","68688_2",NA,"HSM02230","2200",NA,"HSM02130","HSF02127"
"69317_1",NA,"M",NA,NA,NA,"68691_1","68684_2",NA,"HSM02231","2200",NA,"HSM02131","HSF02123"
"69318_1",NA,"M",NA,NA,NA,"68692_1","68690_2",NA,"HSM02232","2200",NA,"HSM02132","HSF02130"
"69457_1",NA,"M",NA,NA,NA,"69033_1","68689_2",NA,"HSM02233","2200",NA,"HSM02133","HSF02128"
"69458_1",NA,"M",NA,NA,NA,"69034_1","68695_2",NA,"HSM02234","2200",NA,"HSM02134","HSF02138"
"69513_1",NA,"M",NA,NA,NA,"68693_1","69095_2",NA,"HSM02235","2200",NA,"HSM02135","HSF02104"
"69459_1",NA,"M",NA,NA,NA,"68881_1","68687_2",NA,"HSM02236","2200",NA,"HSM02136","HSF02126"
"69412_1",NA,"M",NA,NA,NA,"68694_1","68706_2",NA,"HSM02237","2200",NA,"HSM02137","HSF02151"
"69319_1",NA,"M",NA,NA,NA,"68695_1","68677_2",NA,"HSM02238","2200",NA,"HSM02138","HSF02113"
"69413_1",NA,"M",NA,NA,NA,"68696_1","68710_2",NA,"HSM02239","2200",NA,"HSM02139","HSF02157"
"69320_1",NA,"M",NA,NA,NA,"68697_1","68667_2",NA,"HSM02240","2200",NA,"HSM02140","HSF02102"
"69321_1",NA,"M",NA,NA,NA,"68698_1","68678_2",NA,"HSM02241","2200",NA,"HSM02141","HSF02116"
"69322_1",NA,"M",NA,NA,NA,"68699_1","68669_2",NA,"HSM02242","2200",NA,"HSM02142","HSF02105"
"69414_1",NA,"M",NA,NA,NA,"68700_1","68685_2",NA,"HSM02243","2200",NA,"HSM02143","HSF02124"
"69323_1",NA,"M",NA,NA,NA,"68701_1","68697_2",NA,"HSM02244","2200",NA,"HSM02144","HSF02140"
"69324_1",NA,"M",NA,NA,NA,"68702_1","68701_2",NA,"HSM02245","2200",NA,"HSM02145","HSF02144"
"69415_1",NA,"M",NA,NA,NA,"68997_1","68696_2",NA,"HSM02246","2200",NA,"HSM02146","HSF02139"
"69325_1",NA,"M",NA,NA,NA,"68703_1","68711_2",NA,"HSM02247","2200",NA,"HSM02147","HSF02158"
"69460_1",NA,"M",NA,NA,NA,"68788_1","68713_2",NA,"HSM02248","2200",NA,"HSM02148","HSF02160"
"69512_1",NA,"M",NA,NA,NA,"69088_1","69031_2",NA,"HSM02249","2200",NA,"HSM02149","HSF02118"
"69461_1",NA,"M",NA,NA,NA,"68705_1","68683_2",NA,"HSM02250","2200",NA,"HSM02150","HSF02122"
"69326_1",NA,"M",NA,NA,NA,"68706_1","68692_2",NA,"HSM02251","2200",NA,"HSM02151","HSF02132"
"69462_1",NA,"M",NA,NA,NA,"68789_1","68694_2",NA,"HSM02252","2200",NA,"HSM02152","HSF02137"
"69416_1",NA,"M",NA,NA,NA,"68707_1","68686_2",NA,"HSM02253","2200",NA,"HSM02153","HSF02125"
"69463_1",NA,"M",NA,NA,NA,"68708_1","68788_2",NA,"HSM02254","2200",NA,"HSM02154","HSF02148"
"69417_1",NA,"M",NA,NA,NA,"68709_1","68673_2",NA,"HSM02255","2200",NA,"HSM02155","HSF02109"
"69464_1",NA,"M",NA,NA,NA,"68787_1","68882_2",NA,"HSM02256","2200",NA,"HSM02156","HSF02161"
"69465_1",NA,"M",NA,NA,NA,"68710_1","68787_2",NA,"HSM02257","2200",NA,"HSM02157","HSF02156"
"69327_1",NA,"M",NA,NA,NA,"68711_1","68698_2",NA,"HSM02258","2200",NA,"HSM02158","HSF02141"
"69625_1",NA,"M",NA,NA,NA,"68712_1","68670_2",NA,"HSM02259","2200",NA,"HSM02159","HSF02106"
"69466_1",NA,"M",NA,NA,NA,"68713_1","68666_2",NA,"HSM02260","2200",NA,"HSM02160","HSF02101"
"69418_1",NA,"M",NA,NA,NA,"68882_1","68672_2",NA,"HSM02261","2200",NA,"HSM02161","HSF02108"
"69419_1",NA,"M",NA,NA,NA,"69035_1","68703_2",NA,"HSM02262","2200",NA,"HSM02162","HSF02147"
"69467_1",NA,"M",NA,NA,NA,"68714_1","69034_2",NA,"HSM02263","2200",NA,"HSM02163","HSF02134"
"69420_1",NA,"M",NA,NA,NA,"68715_1","68680_2",NA,"HSM02264","2200",NA,"HSM02164","HSF02119"
"69448_2",NA,"F",NA,NA,NA,"68666_1","68693_2",NA,"HSF02201","2200",NA,"HSM02101","HSF02135"
"69402_2",NA,"F",NA,NA,NA,"68667_1","68707_2",NA,"HSF02202","2200",NA,"HSM02102","HSF02153"
"69515_2",NA,"F",NA,NA,NA,"69290_1","68705_2",NA,"HSF02203","2200",NA,"HSM02103","HSF02150"
"69516_2",NA,"F",NA,NA,NA,"69095_1","68709_2",NA,"HSF02204","2200",NA,"HSM02104","HSF02155"
"69403_2",NA,"F",NA,NA,NA,"68669_1","68708_2",NA,"HSF02205","2200",NA,"HSM02105","HSF02154"
"69313_2",NA,"F",NA,NA,NA,"68670_1","68700_2",NA,"HSF02206","2200",NA,"HSM02106","HSF02143"
"69449_2",NA,"F",NA,NA,NA,"68671_1","69035_2",NA,"HSF02207","2200",NA,"HSM02107","HSF02162"
"69450_2",NA,"F",NA,NA,NA,"68672_1","68881_2",NA,"HSF02208","2200",NA,"HSM02108","HSF02136"
"69404_2",NA,"F",NA,NA,NA,"68673_1","68714_2",NA,"HSF02209","2200",NA,"HSM02109","HSF02163"
"69405_2",NA,"F",NA,NA,NA,"68674_1","68679_2",NA,"HSF02210","2200",NA,"HSM02110","HSF02117"
"69406_2",NA,"F",NA,NA,NA,"68675_1","68997_2",NA,"HSF02211","2200",NA,"HSM02111","HSF02146"
"70215_2",NA,"F",NA,NA,NA,"69734_1","69621_1",NA,"HSF02207B","2200",NA,"HSM02107B","HSF02120B"
"69661_2",NA,"F",NA,NA,NA,"68677_1","68786_2",NA,"HSF02213","2200",NA,"HSM02113","HSF02115"
"69764_2",NA,"F",NA,NA,NA,"69030_1","68789_2",NA,"HSF02214","2200",NA,"HSM02114","HSF02152"
"69408_2",NA,"F",NA,NA,NA,"68786_1","68668_2",NA,"HSF02215","2200",NA,"HSM02115","HSF02103"
"69514_2",NA,"F",NA,NA,NA,"68678_1","69030_2",NA,"HSF02216","2200",NA,"HSM02116","HSF02114"
"69451_2",NA,"F",NA,NA,NA,"68679_1","68675_2",NA,"HSF02217","2200",NA,"HSM02117","HSF02111"
"69631_2",NA,"F",NA,NA,NA,"69031_1","68702_2",NA,"HSF02218","2200",NA,"HSM02118","HSF02145"
"69409_2",NA,"F",NA,NA,NA,"68680_1","68704_2",NA,"HSF02219","2200",NA,"HSM02119","HSF02149"
"69314_2",NA,"F",NA,NA,NA,"68681_1","68671_2",NA,"HSF02220","2200",NA,"HSM02120","HSF02107"
"69410_2",NA,"F",NA,NA,NA,"68682_1","68715_2",NA,"HSF02221","2200",NA,"HSM02121","HSF02164"
"69630_2",NA,"F",NA,NA,NA,"68683_1","68674_2",NA,"HSF02222","2200",NA,"HSM02122","HSF02110"
"69315_2",NA,"F",NA,NA,NA,"68684_1","68691_2",NA,"HSF02223","2200",NA,"HSM02123","HSF02131"
"69452_2",NA,"F",NA,NA,NA,"68685_1","68990_1",NA,"HSF02224","2200",NA,"HSM02124","HSF02120"
"69453_2",NA,"F",NA,NA,NA,"68686_1","69033_2",NA,"HSF02225","2200",NA,"HSM02125","HSF02133"
"69454_2",NA,"F",NA,NA,NA,"68687_1","69032_2",NA,"HSF02226","2200",NA,"HSM02126","HSF02129"
"69455_2",NA,"F",NA,NA,NA,"68688_1","68699_2",NA,"HSF02227","2200",NA,"HSM02127","HSF02142"
"69316_2",NA,"F",NA,NA,NA,"68689_1","68712_2",NA,"HSF02228","2200",NA,"HSM02128","HSF02159"
"69411_2",NA,"F",NA,NA,NA,"69032_1","68682_2",NA,"HSF02229","2200",NA,"HSM02129","HSF02121"
"69456_2",NA,"F",NA,NA,NA,"68690_1","68688_2",NA,"HSF02230","2200",NA,"HSM02130","HSF02127"
"69317_2",NA,"F",NA,NA,NA,"68691_1","68684_2",NA,"HSF02231","2200",NA,"HSM02131","HSF02123"
"69318_2",NA,"F",NA,NA,NA,"68692_1","68690_2",NA,"HSF02232","2200",NA,"HSM02132","HSF02130"
"69457_2",NA,"F",NA,NA,NA,"69033_1","68689_2",NA,"HSF02233","2200",NA,"HSM02133","HSF02128"
"69458_2",NA,"F",NA,NA,NA,"69034_1","68695_2",NA,"HSF02234","2200",NA,"HSM02134","HSF02138"
"69513_2",NA,"F",NA,NA,NA,"68693_1","69095_2",NA,"HSF02235","2200",NA,"HSM02135","HSF02104"
"69459_2",NA,"F",NA,NA,NA,"68881_1","68687_2",NA,"HSF02236","2200",NA,"HSM02136","HSF02126"
"69412_2",NA,"F",NA,NA,NA,"68694_1","68706_2",NA,"HSF02237","2200",NA,"HSM02137","HSF02151"
"69319_2",NA,"F",NA,NA,NA,"68695_1","68677_2",NA,"HSF02238","2200",NA,"HSM02138","HSF02113"
"69413_2",NA,"F",NA,NA,NA,"68696_1","68710_2",NA,"HSF02239","2200",NA,"HSM02139","HSF02157"
"69320_2",NA,"F",NA,NA,NA,"68697_1","68667_2",NA,"HSF02240","2200",NA,"HSM02140","HSF02102"
"69321_2",NA,"F",NA,NA,NA,"68698_1","68678_2",NA,"HSF02241","2200",NA,"HSM02141","HSF02116"
"69322_2",NA,"F",NA,NA,NA,"68699_1","68669_2",NA,"HSF02242","2200",NA,"HSM02142","HSF02105"
"69414_2",NA,"F",NA,NA,NA,"68700_1","68685_2",NA,"HSF02243","2200",NA,"HSM02143","HSF02124"
"69323_2",NA,"F",NA,NA,NA,"68701_1","68697_2",NA,"HSF02244","2200",NA,"HSM02144","HSF02140"
"69324_2",NA,"F",NA,NA,NA,"68702_1","68701_2",NA,"HSF02245","2200",NA,"HSM02145","HSF02144"
"69415_2",NA,"F",NA,NA,NA,"68997_1","68696_2",NA,"HSF02246","2200",NA,"HSM02146","HSF02139"
"69325_2",NA,"F",NA,NA,NA,"68703_1","68711_2",NA,"HSF02247","2200",NA,"HSM02147","HSF02158"
"69460_2",NA,"F",NA,NA,NA,"68788_1","68713_2",NA,"HSF02248","2200",NA,"HSM02148","HSF02160"
"69512_2",NA,"F",NA,NA,NA,"69088_1","69031_2",NA,"HSF02249","2200",NA,"HSM02149","HSF02118"
"69461_2",NA,"F",NA,NA,NA,"68705_1","68683_2",NA,"HSF02250","2200",NA,"HSM02150","HSF02122"
"69326_2",NA,"F",NA,NA,NA,"68706_1","68692_2",NA,"HSF02251","2200",NA,"HSM02151","HSF02132"
"69462_2",NA,"F",NA,NA,NA,"68789_1","68694_2",NA,"HSF02252","2200",NA,"HSM02152","HSF02137"
"69416_2",NA,"F",NA,NA,NA,"68707_1","68686_2",NA,"HSF02253","2200",NA,"HSM02153","HSF02125"
"69463_2",NA,"F",NA,NA,NA,"68708_1","68788_2",NA,"HSF02254","2200",NA,"HSM02154","HSF02148"
"69417_2",NA,"F",NA,NA,NA,"68709_1","68673_2",NA,"HSF02255","2200",NA,"HSM02155","HSF02109"
"69464_2",NA,"F",NA,NA,NA,"68787_1","68882_2",NA,"HSF02256","2200",NA,"HSM02156","HSF02161"
"69465_2",NA,"F",NA,NA,NA,"68710_1","68787_2",NA,"HSF02257","2200",NA,"HSM02157","HSF02156"
"69327_2",NA,"F",NA,NA,NA,"68711_1","68698_2",NA,"HSF02258","2200",NA,"HSM02158","HSF02141"
"69625_2",NA,"F",NA,NA,NA,"68712_1","68670_2",NA,"HSF02259","2200",NA,"HSM02159","HSF02106"
"69466_2",NA,"F",NA,NA,NA,"68713_1","68666_2",NA,"HSF02260","2200",NA,"HSM02160","HSF02101"
"69418_2",NA,"F",NA,NA,NA,"68882_1","68672_2",NA,"HSF02261","2200",NA,"HSM02161","HSF02108"
"69419_2",NA,"F",NA,NA,NA,"69035_1","68703_2",NA,"HSF02262","2200",NA,"HSM02162","HSF02147"
"69467_2",NA,"F",NA,NA,NA,"68714_1","69034_2",NA,"HSF02263","2200",NA,"HSM02163","HSF02134"
"69420_2",NA,"F",NA,NA,NA,"68715_1","68680_2",NA,"HSF02264","2200",NA,"HSM02164","HSF02119"
"69957_1",NA,"M",NA,NA,NA,"69448_1","69414_2",NA,"HSM02301","2300",NA,"HSM02201","HSF02243"
"69958_1",NA,"M",NA,NA,NA,"69402_1","69317_2",NA,"HSM02302","2300",NA,"HSM02202","HSF02231"
"70094_1",NA,"M",NA,NA,NA,"69515_1","69417_2",NA,"HSM02303","2300",NA,"HSM02203","HSF02255"
"70095_1",NA,"M",NA,NA,NA,"69516_1","69448_2",NA,"HSM02304","2300",NA,"HSM02204","HSF02201"
"70064_1",NA,"M",NA,NA,NA,"69403_1","69467_2",NA,"HSM02305","2300",NA,"HSM02205","HSF02263"
"70097_1",NA,"M",NA,NA,NA,"69313_1","69464_2",NA,"HSM02306","2300",NA,"HSM02206","HSF02256"
"70065_1",NA,"M",NA,NA,NA,"69449_1","69516_2",NA,"HSM02307","2300",NA,"HSM02207","HSF02204"
"70490_1",NA,"M",NA,NA,NA,"70215_1","69465_2",NA,"HSM02307B","2300",NA,"HSM02207B","HSF02257"
"69959_1",NA,"M",NA,NA,NA,"69450_1","69313_2",NA,"HSM02308","2300",NA,"HSM02208","HSF02206"
"69960_1",NA,"M",NA,NA,NA,"69404_1","69319_2",NA,"HSM02309","2300",NA,"HSM02209","HSF02238"
"69962_1",NA,"M",NA,NA,NA,"69406_1","69322_2",NA,"HSM02311","2300",NA,"HSM02211","HSF02242"
"70098_1",NA,"M",NA,NA,NA,"69661_1","69513_2",NA,"HSM02313","2300",NA,"HSM02213","HSF02235"
"70099_1",NA,"M",NA,NA,NA,"69764_1","69321_2",NA,"HSM02314","2300",NA,"HSM02214","HSF02241"
"69963_1",NA,"M",NA,NA,NA,"69408_1","69406_2",NA,"HSM02315","2300",NA,"HSM02215","HSF02211"
"71003_1",NA,"M",NA,NA,NA,"69514_1","69419_2",NA,"HSM02316","2300",NA,"HSM02216","HSF02262"
"70352_1",NA,"M",NA,NA,NA,"69631_1","69463_2",NA,"HSM02318","2300",NA,"HSM02218","HSF02254"
"70066_1",NA,"M",NA,NA,NA,"69409_1","69466_2",NA,"HSM02319","2300",NA,"HSM02219","HSF02260"
"69965_1",NA,"M",NA,NA,NA,"69314_1","69413_2",NA,"HSM02320","2300",NA,"HSM02220","HSF02239"
"70353_1",NA,"M",NA,NA,NA,"69410_1","69631_2",NA,"HSM02321","2300",NA,"HSM02221","HSF02218"
"69967_1",NA,"M",NA,NA,NA,"69630_1","69410_2",NA,"HSM02322","2300",NA,"HSM02222","HSF02221"
"70345_1",NA,"M",NA,NA,NA,"69315_1","69450_2",NA,"HSM02323","2300",NA,"HSM02223","HSF02208"
"70069_1",NA,"M",NA,NA,NA,"69452_1","69515_2",NA,"HSM02324","2300",NA,"HSM02224","HSF02203"
"69966_1",NA,"M",NA,NA,NA,"69453_1","69408_2",NA,"HSM02325","2300",NA,"HSM02225","HSF02215"
"70072_1",NA,"M",NA,NA,NA,"69454_1","69416_2",NA,"HSM02326","2300",NA,"HSM02226","HSF02253"
"70101_1",NA,"M",NA,NA,NA,"69455_1","69418_2",NA,"HSM02327","2300",NA,"HSM02227","HSF02261"
"70070_1",NA,"M",NA,NA,NA,"69316_1","69512_2",NA,"HSM02328","2300",NA,"HSM02228","HSF02249"
"70981_1",NA,"M",NA,NA,NA,"69316_1","69512_2",NA,"HSM02328B","2300",NA,"HSM02228","HSF02249"
"70071_1",NA,"M",NA,NA,NA,"69411_1","69405_2",NA,"HSM02329","2300",NA,"HSM02229","HSF02210"
"70102_1",NA,"M",NA,NA,NA,"69456_1","69325_2",NA,"HSM02330","2300",NA,"HSM02230","HSF02247"
"69968_1",NA,"M",NA,NA,NA,"69317_1","69403_2",NA,"HSM02331","2300",NA,"HSM02231","HSF02205"
"69969_1",NA,"M",NA,NA,NA,"69318_1","69460_2",NA,"HSM02332","2300",NA,"HSM02232","HSF02248"
"70103_1",NA,"M",NA,NA,NA,"69457_1","69458_2",NA,"HSM02333","2300",NA,"HSM02233","HSF02234"
"70104_1",NA,"M",NA,NA,NA,"69458_1","69456_2",NA,"HSM02334","2300",NA,"HSM02234","HSF02230"
"70105_1",NA,"M",NA,NA,NA,"69513_1","69409_2",NA,"HSM02335","2300",NA,"HSM02235","HSF02219"
"70067_1",NA,"M",NA,NA,NA,"69459_1","69326_2",NA,"HSM02336","2300",NA,"HSM02236","HSF02251"
"69970_1",NA,"M",NA,NA,NA,"69412_1","69324_2",NA,"HSM02337","2300",NA,"HSM02237","HSF02245"
"70073_1",NA,"M",NA,NA,NA,"69319_1","69764_2",NA,"HSM02338","2300",NA,"HSM02238","HSF02214"
"70106_1",NA,"M",NA,NA,NA,"69413_1","69411_2",NA,"HSM02339","2300",NA,"HSM02239","HSF02229"
"69971_1",NA,"M",NA,NA,NA,"69320_1","69314_2",NA,"HSM02340","2300",NA,"HSM02240","HSF02220"
"70354_1",NA,"M",NA,NA,NA,"69321_1","70215_2",NA,"HSM02341","2300",NA,"HSM02241","HSF02207B"
"69972_1",NA,"M",NA,NA,NA,"69322_1","69315_2",NA,"HSM02342","2300",NA,"HSM02242","HSF02223"
"70074_1",NA,"M",NA,NA,NA,"69414_1","69449_2",NA,"HSM02343","2300",NA,"HSM02243","HSF02207"
"71039_1",NA,"M",NA,NA,NA,"69414_1","69449_2",NA,"HSM02343B","2300",NA,"HSM02243","HSF02207"
"70075_1",NA,"M",NA,NA,NA,"69323_1","69452_2",NA,"HSM02344","2300",NA,"HSM02244","HSF02224"
"69973_1",NA,"M",NA,NA,NA,"69324_1","69404_2",NA,"HSM02345","2300",NA,"HSM02245","HSF02209"
"70076_1",NA,"M",NA,NA,NA,"69415_1","69455_2",NA,"HSM02346","2300",NA,"HSM02246","HSF02227"
"70077_1",NA,"M",NA,NA,NA,"69325_1","69661_2",NA,"HSM02347","2300",NA,"HSM02247","HSF02213"
"70078_1",NA,"M",NA,NA,NA,"69460_1","69453_2",NA,"HSM02348","2300",NA,"HSM02248","HSF02225"
"70107_1",NA,"M",NA,NA,NA,"69512_1","69316_2",NA,"HSM02349","2300",NA,"HSM02249","HSF02228"
"70108_1",NA,"M",NA,NA,NA,"69461_1","69625_2",NA,"HSM02350","2300",NA,"HSM02250","HSF02259"
"70079_1",NA,"M",NA,NA,NA,"69326_1","69459_2",NA,"HSM02351","2300",NA,"HSM02251","HSF02236"
"70080_1",NA,"M",NA,NA,NA,"69462_1","69420_2",NA,"HSM02352","2300",NA,"HSM02252","HSF02264"
"70081_1",NA,"M",NA,NA,NA,"69416_1","69462_2",NA,"HSM02353","2300",NA,"HSM02253","HSF02252"
"70109_1",NA,"M",NA,NA,NA,"69463_1","69318_2",NA,"HSM02354","2300",NA,"HSM02254","HSF02232"
"69974_1",NA,"M",NA,NA,NA,"69417_1","69412_2",NA,"HSM02355","2300",NA,"HSM02255","HSF02237"
"70082_1",NA,"M",NA,NA,NA,"69465_1","69451_2",NA,"HSM02357","2300",NA,"HSM02257","HSF02217"
"69975_1",NA,"M",NA,NA,NA,"69327_1","69415_2",NA,"HSM02358","2300",NA,"HSM02258","HSF02246"
"70111_1",NA,"M",NA,NA,NA,"69625_1","69514_2",NA,"HSM02359","2300",NA,"HSM02259","HSF02216"
"70083_1",NA,"M",NA,NA,NA,"69466_1","69454_2",NA,"HSM02360","2300",NA,"HSM02260","HSF02226"
"70112_1",NA,"M",NA,NA,NA,"69418_1","69327_2",NA,"HSM02361","2300",NA,"HSM02261","HSF02258"
"70113_1",NA,"M",NA,NA,NA,"69419_1","69461_2",NA,"HSM02362","2300",NA,"HSM02262","HSF02250"
"70114_1",NA,"M",NA,NA,NA,"69467_1","69630_2",NA,"HSM02363","2300",NA,"HSM02263","HSF02222"
"69976_1",NA,"M",NA,NA,NA,"69420_1","69323_2",NA,"HSM02364","2300",NA,"HSM02264","HSF02244"
"69957_2",NA,"F",NA,NA,NA,"69448_1","69414_2",NA,"HSF02301","2300",NA,"HSM02201","HSF02243"
"69958_2",NA,"F",NA,NA,NA,"69402_1","69317_2",NA,"HSF02302","2300",NA,"HSM02202","HSF02231"
"70094_2",NA,"F",NA,NA,NA,"69515_1","69417_2",NA,"HSF02303","2300",NA,"HSM02203","HSF02255"
"70095_2",NA,"F",NA,NA,NA,"69516_1","69448_2",NA,"HSF02304","2300",NA,"HSM02204","HSF02201"
"70064_2",NA,"F",NA,NA,NA,"69403_1","69467_2",NA,"HSF02305","2300",NA,"HSM02205","HSF02263"
"70097_2",NA,"F",NA,NA,NA,"69313_1","69464_2",NA,"HSF02306","2300",NA,"HSM02206","HSF02256"
"70065_2",NA,"F",NA,NA,NA,"69449_1","69516_2",NA,"HSF02307","2300",NA,"HSM02207","HSF02204"
"70490_2",NA,"F",NA,NA,NA,"70215_1","69465_2",NA,"HSF02307B","2300",NA,"HSM02207B","HSF02257"
"69959_2",NA,"F",NA,NA,NA,"69450_1","69313_2",NA,"HSF02308","2300",NA,"HSM02208","HSF02206"
"69960_2",NA,"F",NA,NA,NA,"69404_1","69319_2",NA,"HSF02309","2300",NA,"HSM02209","HSF02238"
"69962_2",NA,"F",NA,NA,NA,"69406_1","69322_2",NA,"HSF02311","2300",NA,"HSM02211","HSF02242"
"70098_2",NA,"F",NA,NA,NA,"69661_1","69513_2",NA,"HSF02313","2300",NA,"HSM02213","HSF02235"
"71032_1",NA,"F",NA,NA,NA,"69764_1","69321_2",NA,"HSF02314","2300",NA,"HSM02214","HSF02241"
"69963_2",NA,"F",NA,NA,NA,"69408_1","69406_2",NA,"HSF02315","2300",NA,"HSM02215","HSF02211"
"70100_2",NA,"F",NA,NA,NA,"69514_1","69419_2",NA,"HSF02316","2300",NA,"HSM02216","HSF02262"
"70352_2",NA,"F",NA,NA,NA,"69631_1","69463_2",NA,"HSF02318","2300",NA,"HSM02218","HSF02254"
"70066_2",NA,"F",NA,NA,NA,"69409_1","69466_2",NA,"HSF02319","2300",NA,"HSM02219","HSF02260"
"70977_2",NA,"F",NA,NA,NA,"69409_1","69466_2",NA,"HSF02319B","2300",NA,"HSM02219","HSF02260"
"69965_2",NA,"F",NA,NA,NA,"69314_1","69413_2",NA,"HSF02320","2300",NA,"HSM02220","HSF02239"
"70353_2",NA,"F",NA,NA,NA,"69410_1","69631_2",NA,"HSF02321","2300",NA,"HSM02221","HSF02218"
"69967_2",NA,"F",NA,NA,NA,"69630_1","69410_2",NA,"HSF02322","2300",NA,"HSM02222","HSF02221"
"70345_2",NA,"F",NA,NA,NA,"69315_1","69450_2",NA,"HSF02323","2300",NA,"HSM02223","HSF02208"
"70069_2",NA,"F",NA,NA,NA,"69452_1","69515_2",NA,"HSF02324","2300",NA,"HSM02224","HSF02203"
"69966_2",NA,"F",NA,NA,NA,"69453_1","69408_2",NA,"HSF02325","2300",NA,"HSM02225","HSF02215"
"70072_2",NA,"F",NA,NA,NA,"69454_1","69416_2",NA,"HSF02326","2300",NA,"HSM02226","HSF02253"
"70101_2",NA,"F",NA,NA,NA,"69455_1","69418_2",NA,"HSF02327","2300",NA,"HSM02227","HSF02261"
"70070_2",NA,"F",NA,NA,NA,"69316_1","69512_2",NA,"HSF02328","2300",NA,"HSM02228","HSF02249"
"70071_2",NA,"F",NA,NA,NA,"69411_1","69405_2",NA,"HSF02329","2300",NA,"HSM02229","HSF02210"
"70102_2",NA,"F",NA,NA,NA,"69456_1","69325_2",NA,"HSF02330","2300",NA,"HSM02230","HSF02247"
"69968_2",NA,"F",NA,NA,NA,"69317_1","69403_2",NA,"HSF02331","2300",NA,"HSM02231","HSF02205"
"69969_2",NA,"F",NA,NA,NA,"69318_1","69460_2",NA,"HSF02332","2300",NA,"HSM02232","HSF02248"
"70103_2",NA,"F",NA,NA,NA,"69457_1","69458_2",NA,"HSF02333","2300",NA,"HSM02233","HSF02234"
"70104_2",NA,"F",NA,NA,NA,"69458_1","69456_2",NA,"HSF02334","2300",NA,"HSM02234","HSF02230"
"70105_2",NA,"F",NA,NA,NA,"69513_1","69409_2",NA,"HSF02335","2300",NA,"HSM02235","HSF02219"
"70067_2",NA,"F",NA,NA,NA,"69459_1","69326_2",NA,"HSF02336","2300",NA,"HSM02236","HSF02251"
"69970_2",NA,"F",NA,NA,NA,"69412_1","69324_2",NA,"HSF02337","2300",NA,"HSM02237","HSF02245"
"70073_2",NA,"F",NA,NA,NA,"69319_1","69764_2",NA,"HSF02338","2300",NA,"HSM02238","HSF02214"
"70106_2",NA,"F",NA,NA,NA,"69413_1","69411_2",NA,"HSF02339","2300",NA,"HSM02239","HSF02229"
"69971_2",NA,"F",NA,NA,NA,"69320_1","69314_2",NA,"HSF02340","2300",NA,"HSM02240","HSF02220"
"70354_2",NA,"F",NA,NA,NA,"69321_1","70215_2",NA,"HSF02341","2300",NA,"HSM02241","HSF02207B"
"71051_1",NA,"F",NA,NA,NA,"69322_1","69315_2",NA,"HSF02342","2300",NA,"HSM02242","HSF02223"
"70074_2",NA,"F",NA,NA,NA,"69414_1","69449_2",NA,"HSF02343","2300",NA,"HSM02243","HSF02207"
"71039_2",NA,"F",NA,NA,NA,"69414_1","69449_2",NA,"HSF02343B","2300",NA,"HSM02243","HSF02207"
"70075_2",NA,"F",NA,NA,NA,"69323_1","69452_2",NA,"HSF02344","2300",NA,"HSM02244","HSF02224"
"69973_2",NA,"F",NA,NA,NA,"69324_1","69404_2",NA,"HSF02345","2300",NA,"HSM02245","HSF02209"
"70076_2",NA,"F",NA,NA,NA,"69415_1","69455_2",NA,"HSF02346","2300",NA,"HSM02246","HSF02227"
"70077_2",NA,"F",NA,NA,NA,"69325_1","69661_2",NA,"HSF02347","2300",NA,"HSM02247","HSF02213"
"70078_2",NA,"F",NA,NA,NA,"69460_1","69453_2",NA,"HSF02348","2300",NA,"HSM02248","HSF02225"
"70107_2",NA,"F",NA,NA,NA,"69512_1","69316_2",NA,"HSF02349","2300",NA,"HSM02249","HSF02228"
"70108_2",NA,"F",NA,NA,NA,"69461_1","69625_2",NA,"HSF02350","2300",NA,"HSM02250","HSF02259"
"70079_2",NA,"F",NA,NA,NA,"69326_1","69459_2",NA,"HSF02351","2300",NA,"HSM02251","HSF02236"
"70080_2",NA,"F",NA,NA,NA,"69462_1","69420_2",NA,"HSF02352","2300",NA,"HSM02252","HSF02264"
"70081_2",NA,"F",NA,NA,NA,"69416_1","69462_2",NA,"HSF02353","2300",NA,"HSM02253","HSF02252"
"70109_2",NA,"F",NA,NA,NA,"69463_1","69318_2",NA,"HSF02354","2300",NA,"HSM02254","HSF02232"
"69974_2",NA,"F",NA,NA,NA,"69417_1","69412_2",NA,"HSF02355","2300",NA,"HSM02255","HSF02237"
"70082_2",NA,"F",NA,NA,NA,"69465_1","69451_2",NA,"HSF02357","2300",NA,"HSM02257","HSF02217"
"69975_2",NA,"F",NA,NA,NA,"69327_1","69415_2",NA,"HSF02358","2300",NA,"HSM02258","HSF02246"
"70111_2",NA,"F",NA,NA,NA,"69625_1","69514_2",NA,"HSF02359","2300",NA,"HSM02259","HSF02216"
"70083_2",NA,"F",NA,NA,NA,"69466_1","69454_2",NA,"HSF02360","2300",NA,"HSM02260","HSF02226"
"70112_2",NA,"F",NA,NA,NA,"69418_1","69327_2",NA,"HSF02361","2300",NA,"HSM02261","HSF02258"
"70113_2",NA,"F",NA,NA,NA,"69419_1","69461_2",NA,"HSF02362","2300",NA,"HSM02262","HSF02250"
"70114_2",NA,"F",NA,NA,NA,"69467_1","69630_2",NA,"HSF02363","2300",NA,"HSM02263","HSF02222"
"69976_2",NA,"F",NA,NA,NA,"69420_1","69323_2",NA,"HSF02364","2300",NA,"HSM02264","HSF02244"
"70867_1",NA,"M",NA,NA,NA,"69957_1","70095_2",NA,"HSM02401","2400",NA,"HSM02301","HSF02304"
"70868_1",NA,"M",NA,NA,NA,"69958_1","70490_2",NA,"HSM02402","2400",NA,"HSM02302","HSF02307B"
"70869_1",NA,"M",NA,NA,NA,"70094_1","70112_2",NA,"HSM02403","2400",NA,"HSM02303","HSF02361"
"70870_1",NA,"M",NA,NA,NA,"70095_1","70111_2",NA,"HSM02404","2400",NA,"HSM02304","HSF02359"
"70871_1",NA,"M",NA,NA,NA,"70064_1","70075_2",NA,"HSM02405","2400",NA,"HSM02305","HSF02344"
"70872_1",NA,"M",NA,NA,NA,"70097_1","69959_2",NA,"HSM02406","2400",NA,"HSM02306","HSF02308"
"70873_1",NA,"M",NA,NA,NA,"70065_1","69957_2",NA,"HSM02407","2400",NA,"HSM02307","HSF02301"
"70874_1",NA,"M",NA,NA,NA,"70490_1","70074_2",NA,"HSM02407B","2400",NA,"HSM02307B","HSF02343"
"71687_1",NA,"M",NA,NA,NA,"69959_1","71039_2",NA,"HSM02425B","2400",NA,"HSM02308","HSF02343B"
"70876_1",NA,"M",NA,NA,NA,"69960_1","70081_2",NA,"HSM02409","2400",NA,"HSM02309","HSF02353"
"70878_1",NA,"M",NA,NA,NA,"69962_1","70094_2",NA,"HSM02411","2400",NA,"HSM02311","HSF02303"
"70879_1",NA,"M",NA,NA,NA,"70098_1","69966_2",NA,"HSM02413","2400",NA,"HSM02313","HSF02325"
"70880_1",NA,"M",NA,NA,NA,"70099_1","69967_2",NA,"HSM02414","2400",NA,"HSM02314","HSF02322"
"70881_1",NA,"M",NA,NA,NA,"69963_1","69969_2",NA,"HSM02415","2400",NA,"HSM02315","HSF02332"
"71077_1",NA,"M",NA,NA,NA,"71003_1","70977_2",NA,"HSM02416","2400",NA,"HSM02316","HSF02319B"
"70884_1",NA,"M",NA,NA,NA,"70352_1","70353_2",NA,"HSM02418","2400",NA,"HSM02318","HSF02321"
"70885_1",NA,"M",NA,NA,NA,"70066_1","70071_2",NA,"HSM02419","2400",NA,"HSM02319","HSF02329"
"70886_1",NA,"M",NA,NA,NA,"69965_1","70098_2",NA,"HSM02420","2400",NA,"HSM02320","HSF02313"
"70887_1",NA,"M",NA,NA,NA,"70353_1","69965_2",NA,"HSM02421","2400",NA,"HSM02321","HSF02320"
"70888_1",NA,"M",NA,NA,NA,"69967_1","70100_2",NA,"HSM02422","2400",NA,"HSM02322","HSF02316"
"70889_1",NA,"M",NA,NA,NA,"70345_1","70097_2",NA,"HSM02423","2400",NA,"HSM02323","HSF02306"
"70890_1",NA,"M",NA,NA,NA,"70069_1","69968_2",NA,"HSM02424","2400",NA,"HSM02324","HSF02331"
"70891_1",NA,"M",NA,NA,NA,"69966_1","69971_2",NA,"HSM02425","2400",NA,"HSM02325","HSF02340"
"70892_1",NA,"M",NA,NA,NA,"70072_1","70107_2",NA,"HSM02426","2400",NA,"HSM02326","HSF02349"
"70893_1",NA,"M",NA,NA,NA,"70101_1","70077_2",NA,"HSM02427","2400",NA,"HSM02327","HSF02347"
"70894_1",NA,"M",NA,NA,NA,"70070_1","69974_2",NA,"HSM02428","2400",NA,"HSM02328","HSF02355"
"71696_1",NA,"M",NA,NA,NA,"70981_1","71032_1",NA,"HSM02428B","2400",NA,"HSM02328B","HSF02314"
"70895_1",NA,"M",NA,NA,NA,"70071_1","69958_2",NA,"HSM02429","2400",NA,"HSM02329","HSF02302"
"70896_1",NA,"M",NA,NA,NA,"70102_1","70354_2",NA,"HSM02430","2400",NA,"HSM02330","HSF02341"
"70897_1",NA,"M",NA,NA,NA,"69968_1","69963_2",NA,"HSM02431","2400",NA,"HSM02331","HSF02315"
"70898_1",NA,"M",NA,NA,NA,"69969_1","69960_2",NA,"HSM02432","2400",NA,"HSM02332","HSF02309"
"70899_1",NA,"M",NA,NA,NA,"70103_1","70082_2",NA,"HSM02433","2400",NA,"HSM02333","HSF02357"
"70900_1",NA,"M",NA,NA,NA,"70104_1","70106_2",NA,"HSM02434","2400",NA,"HSM02334","HSF02339"
"70901_1",NA,"M",NA,NA,NA,"70105_1","70103_2",NA,"HSM02435","2400",NA,"HSM02335","HSF02333"
"70902_1",NA,"M",NA,NA,NA,"70067_1","70069_2",NA,"HSM02436","2400",NA,"HSM02336","HSF02324"
"70903_1",NA,"M",NA,NA,NA,"69970_1","69976_2",NA,"HSM02437","2400",NA,"HSM02337","HSF02364"
"70904_1",NA,"M",NA,NA,NA,"70073_1","69970_2",NA,"HSM02438","2400",NA,"HSM02338","HSF02337"
"70905_1",NA,"M",NA,NA,NA,"70106_1","70066_2",NA,"HSM02439","2400",NA,"HSM02339","HSF02319"
"70906_1",NA,"M",NA,NA,NA,"69971_1","70102_2",NA,"HSM02440","2400",NA,"HSM02340","HSF02330"
"70907_1",NA,"M",NA,NA,NA,"70354_1","70345_2",NA,"HSM02441","2400",NA,"HSM02341","HSF02323"
"70908_1",NA,"M",NA,NA,NA,"69972_1","70072_2",NA,"HSM02442","2400",NA,"HSM02342","HSF02326"
"70909_1",NA,"M",NA,NA,NA,"70074_1","70083_2",NA,"HSM02443","2400",NA,"HSM02343","HSF02360"
"71110_1",NA,"M",NA,NA,NA,"71039_1","71051_1",NA,"HSM02443B","2400",NA,"HSM02343B","HSF02342"
"70910_1",NA,"M",NA,NA,NA,"70075_1","70352_2",NA,"HSM02444","2400",NA,"HSM02344","HSF02318"
"70911_1",NA,"M",NA,NA,NA,"69973_1","70108_2",NA,"HSM02445","2400",NA,"HSM02345","HSF02350"
"70912_1",NA,"M",NA,NA,NA,"70076_1","70113_2",NA,"HSM02446","2400",NA,"HSM02346","HSF02362"
"70913_1",NA,"M",NA,NA,NA,"70077_1","70076_2",NA,"HSM02447","2400",NA,"HSM02347","HSF02346"
"70914_1",NA,"M",NA,NA,NA,"70078_1","70104_2",NA,"HSM02448","2400",NA,"HSM02348","HSF02334"
"70915_1",NA,"M",NA,NA,NA,"70107_1","70065_2",NA,"HSM02449","2400",NA,"HSM02349","HSF02307"
"70916_1",NA,"M",NA,NA,NA,"70108_1","70067_2",NA,"HSM02450","2400",NA,"HSM02350","HSF02336"
"70917_1",NA,"M",NA,NA,NA,"70079_1","69962_2",NA,"HSM02451","2400",NA,"HSM02351","HSF02311"
"70918_1",NA,"M",NA,NA,NA,"70080_1","69973_2",NA,"HSM02452","2400",NA,"HSM02352","HSF02345"
"70919_1",NA,"M",NA,NA,NA,"70081_1","70073_2",NA,"HSM02453","2400",NA,"HSM02353","HSF02338"
"70920_1",NA,"M",NA,NA,NA,"70109_1","70114_2",NA,"HSM02454","2400",NA,"HSM02354","HSF02363"
"70921_1",NA,"M",NA,NA,NA,"69974_1","70070_2",NA,"HSM02455","2400",NA,"HSM02355","HSF02328"
"70923_1",NA,"M",NA,NA,NA,"70082_1","70105_2",NA,"HSM02457","2400",NA,"HSM02357","HSF02335"
"70923_3",NA,"M",NA,NA,NA,"70082_1","70105_2",NA,"HSM02457B","2400",NA,"HSM02357","HSF02335"
"70924_1",NA,"M",NA,NA,NA,"69975_1","70101_2",NA,"HSM02458","2400",NA,"HSM02358","HSF02327"
"71305_1",NA,"M",NA,NA,NA,"70111_1","69975_2",NA,"HSM02459","2400",NA,"HSM02359","HSF02358"
"70926_1",NA,"M",NA,NA,NA,"70083_1","70079_2",NA,"HSM02460","2400",NA,"HSM02360","HSF02351"
"70927_1",NA,"M",NA,NA,NA,"70112_1","70080_2",NA,"HSM02461","2400",NA,"HSM02361","HSF02352"
"70928_1",NA,"M",NA,NA,NA,"70113_1","70109_2",NA,"HSM02462","2400",NA,"HSM02362","HSF02354"
"70929_1",NA,"M",NA,NA,NA,"70114_1","70064_2",NA,"HSM02463","2400",NA,"HSM02363","HSF02305"
"70930_1",NA,"M",NA,NA,NA,"69976_1","70078_2",NA,"HSM02464","2400",NA,"HSM02364","HSF02348"
"70867_2",NA,"F",NA,NA,NA,"69957_1","70095_2",NA,"HSF02401","2400",NA,"HSM02301","HSF02304"
"70868_2",NA,"F",NA,NA,NA,"69958_1","70490_2",NA,"HSF02402","2400",NA,"HSM02302","HSF02307B"
"70869_2",NA,"F",NA,NA,NA,"70094_1","70112_2",NA,"HSF02403","2400",NA,"HSM02303","HSF02361"
"70870_2",NA,"F",NA,NA,NA,"70095_1","70111_2",NA,"HSF02404","2400",NA,"HSM02304","HSF02359"
"70871_2",NA,"F",NA,NA,NA,"70064_1","70075_2",NA,"HSF02405","2400",NA,"HSM02305","HSF02344"
"70872_2",NA,"F",NA,NA,NA,"70097_1","69959_2",NA,"HSF02406","2400",NA,"HSM02306","HSF02308"
"70873_2",NA,"F",NA,NA,NA,"70065_1","69957_2",NA,"HSF02407","2400",NA,"HSM02307","HSF02301"
"70874_2",NA,"F",NA,NA,NA,"70490_1","70074_2",NA,"HSF02407B","2400",NA,"HSM02307B","HSF02343"
"70876_2",NA,"F",NA,NA,NA,"69959_1","71039_2",NA,"HSF02409","2400",NA,"HSM02308","HSF02343B"
"70878_2",NA,"F",NA,NA,NA,"69960_1","70081_2",NA,"HSF02411","2400",NA,"HSM02309","HSF02353"
"70879_2",NA,"F",NA,NA,NA,"69962_1","70094_2",NA,"HSF02413","2400",NA,"HSM02311","HSF02303"
"70880_2",NA,"F",NA,NA,NA,"70098_1","69966_2",NA,"HSF02414","2400",NA,"HSM02313","HSF02325"
"70881_2",NA,"F",NA,NA,NA,"70099_1","69967_2",NA,"HSF02415","2400",NA,"HSM02314","HSF02322"
"71077_2",NA,"F",NA,NA,NA,"69963_1","69969_2",NA,"HSF02416","2400",NA,"HSM02315","HSF02332"
"70884_2",NA,"F",NA,NA,NA,"71003_1","70977_2",NA,"HSF02418","2400",NA,"HSM02316","HSF02319B"
"70885_2",NA,"F",NA,NA,NA,"70352_1","70353_2",NA,"HSF02419","2400",NA,"HSM02318","HSF02321"
"70886_2",NA,"F",NA,NA,NA,"70066_1","70071_2",NA,"HSF02420","2400",NA,"HSM02319","HSF02329"
"70887_2",NA,"F",NA,NA,NA,"69965_1","70098_2",NA,"HSF02421","2400",NA,"HSM02320","HSF02313"
"70888_2",NA,"F",NA,NA,NA,"70353_1","69965_2",NA,"HSF02422","2400",NA,"HSM02321","HSF02320"
"70889_2",NA,"F",NA,NA,NA,"69967_1","70100_2",NA,"HSF02423","2400",NA,"HSM02322","HSF02316"
"70890_2",NA,"F",NA,NA,NA,"70345_1","70097_2",NA,"HSF02424","2400",NA,"HSM02323","HSF02306"
"70891_2",NA,"F",NA,NA,NA,"70069_1","69968_2",NA,"HSF02425","2400",NA,"HSM02324","HSF02331"
"71687_2",NA,"F",NA,NA,NA,"69966_1","69971_2",NA,"HSF02425B","2400",NA,"HSM02325","HSF02340"
"70892_2",NA,"F",NA,NA,NA,"70072_1","70107_2",NA,"HSF02426","2400",NA,"HSM02326","HSF02349"
"70893_2",NA,"F",NA,NA,NA,"70101_1","70077_2",NA,"HSF02427","2400",NA,"HSM02327","HSF02347"
"70894_2",NA,"F",NA,NA,NA,"70070_1","69974_2",NA,"HSF02428","2400",NA,"HSM02328","HSF02355"
"71696_2",NA,"F",NA,NA,NA,"70981_1","71032_1",NA,"HSF02428B","2400",NA,"HSM02328B","HSF02314"
"70895_2",NA,"F",NA,NA,NA,"70071_1","69958_2",NA,"HSF02429","2400",NA,"HSM02329","HSF02302"
"70896_2",NA,"F",NA,NA,NA,"70102_1","70354_2",NA,"HSF02430","2400",NA,"HSM02330","HSF02341"
"70897_2",NA,"F",NA,NA,NA,"69968_1","69963_2",NA,"HSF02431","2400",NA,"HSM02331","HSF02315"
"70898_2",NA,"F",NA,NA,NA,"69969_1","69960_2",NA,"HSF02432","2400",NA,"HSM02332","HSF02309"
"70898_3",NA,"F",NA,NA,NA,"69969_1","69960_2",NA,"HSF02432B","2400",NA,"HSM02332","HSF02309"
"70899_2",NA,"F",NA,NA,NA,"70103_1","70082_2",NA,"HSF02433","2400",NA,"HSM02333","HSF02357"
"70900_2",NA,"F",NA,NA,NA,"70104_1","70106_2",NA,"HSF02434","2400",NA,"HSM02334","HSF02339"
"70901_2",NA,"F",NA,NA,NA,"70105_1","70103_2",NA,"HSF02435","2400",NA,"HSM02335","HSF02333"
"70902_2",NA,"F",NA,NA,NA,"70067_1","70069_2",NA,"HSF02436","2400",NA,"HSM02336","HSF02324"
"70903_2",NA,"F",NA,NA,NA,"69970_1","69976_2",NA,"HSF02437","2400",NA,"HSM02337","HSF02364"
"70904_2",NA,"F",NA,NA,NA,"70073_1","69970_2",NA,"HSF02438","2400",NA,"HSM02338","HSF02337"
"70905_2",NA,"F",NA,NA,NA,"70106_1","70066_2",NA,"HSF02439","2400",NA,"HSM02339","HSF02319"
"70906_2",NA,"F",NA,NA,NA,"69971_1","70102_2",NA,"HSF02440","2400",NA,"HSM02340","HSF02330"
"70907_2",NA,"F",NA,NA,NA,"70354_1","70345_2",NA,"HSF02441","2400",NA,"HSM02341","HSF02323"
"70908_2",NA,"F",NA,NA,NA,"69972_1","70072_2",NA,"HSF02442","2400",NA,"HSM02342","HSF02326"
"70909_2",NA,"F",NA,NA,NA,"70074_1","70083_2",NA,"HSF02443","2400",NA,"HSM02343","HSF02360"
"71110_2",NA,"F",NA,NA,NA,"71039_1","71051_1",NA,"HSF02443B","2400",NA,"HSM02343B","HSF02342"
"70910_2",NA,"F",NA,NA,NA,"70075_1","70352_2",NA,"HSF02444","2400",NA,"HSM02344","HSF02318"
"70911_2",NA,"F",NA,NA,NA,"69973_1","70108_2",NA,"HSF02445","2400",NA,"HSM02345","HSF02350"
"70912_2",NA,"F",NA,NA,NA,"70076_1","70113_2",NA,"HSF02446","2400",NA,"HSM02346","HSF02362"
"70913_2",NA,"F",NA,NA,NA,"70077_1","70076_2",NA,"HSF02447","2400",NA,"HSM02347","HSF02346"
"70914_2",NA,"F",NA,NA,NA,"70078_1","70104_2",NA,"HSF02448","2400",NA,"HSM02348","HSF02334"
"70915_2",NA,"F",NA,NA,NA,"70107_1","70065_2",NA,"HSF02449","2400",NA,"HSM02349","HSF02307"
"70916_2",NA,"F",NA,NA,NA,"70108_1","70067_2",NA,"HSF02450","2400",NA,"HSM02350","HSF02336"
"70917_2",NA,"F",NA,NA,NA,"70079_1","69962_2",NA,"HSF02451","2400",NA,"HSM02351","HSF02311"
"70918_2",NA,"F",NA,NA,NA,"70080_1","69973_2",NA,"HSF02452","2400",NA,"HSM02352","HSF02345"
"70919_2",NA,"F",NA,NA,NA,"70081_1","70073_2",NA,"HSF02453","2400",NA,"HSM02353","HSF02338"
"70920_2",NA,"F",NA,NA,NA,"70109_1","70114_2",NA,"HSF02454","2400",NA,"HSM02354","HSF02363"
"70921_2",NA,"F",NA,NA,NA,"69974_1","70070_2",NA,"HSF02455","2400",NA,"HSM02355","HSF02328"
"70923_2",NA,"F",NA,NA,NA,"70082_1","70105_2",NA,"HSF02457","2400",NA,"HSM02357","HSF02335"
"70924_2",NA,"F",NA,NA,NA,"69975_1","70101_2",NA,"HSF02458","2400",NA,"HSM02358","HSF02327"
"71305_2",NA,"F",NA,NA,NA,"70111_1","69975_2",NA,"HSF02459","2400",NA,"HSM02359","HSF02358"
"70926_2",NA,"F",NA,NA,NA,"70083_1","70079_2",NA,"HSF02460","2400",NA,"HSM02360","HSF02351"
"70927_2",NA,"F",NA,NA,NA,"70112_1","70080_2",NA,"HSF02461","2400",NA,"HSM02361","HSF02352"
"70928_2",NA,"F",NA,NA,NA,"70113_1","70109_2",NA,"HSF02462","2400",NA,"HSM02362","HSF02354"
"70929_2",NA,"F",NA,NA,NA,"70114_1","70064_2",NA,"HSF02463","2400",NA,"HSM02363","HSF02305"
"70930_2",NA,"F",NA,NA,NA,"69976_1","70078_2",NA,"HSF02464","2400",NA,"HSM02364","HSF02348"
"71368_1",NA,"M",NA,NA,NA,"70867_1","70898_2",NA,"HSM02501","2500",NA,"HSM02401","HSF02432"
"71389_1",NA,"M",NA,NA,NA,"70868_1","70930_2",NA,"HSM02502","2500",NA,"HSM02402","HSF02464"
"71371_1",NA,"M",NA,NA,NA,"70869_1","70928_2",NA,"HSM02503","2500",NA,"HSM02403","HSF02462"
"71351_1",NA,"M",NA,NA,NA,"70870_1","70913_2",NA,"HSM02504","2500",NA,"HSM02404","HSF02447"
"71349_1",NA,"M",NA,NA,NA,"70871_1","70926_2",NA,"HSM02505","2500",NA,"HSM02405","HSF02460"
"71394_1",NA,"M",NA,NA,NA,"70872_1","70929_2",NA,"HSM02506","2500",NA,"HSM02406","HSF02463"
"71346_1",NA,"M",NA,NA,NA,"70873_1","70918_2",NA,"HSM02507","2500",NA,"HSM02407","HSF02452"
"71391_1",NA,"M",NA,NA,NA,"70874_1","70923_2",NA,"HSM02507B","2500",NA,"HSM02407B","HSF02457"
"71388_1",NA,"M",NA,NA,NA,"70876_1","70924_2",NA,"HSM02509","2500",NA,"HSM02409","HSF02458"
"71378_1",NA,"M",NA,NA,NA,"70878_1","70884_2",NA,"HSM02511","2500",NA,"HSM02411","HSF02418"
"71366_1",NA,"M",NA,NA,NA,"70879_1","70908_2",NA,"HSM02513","2500",NA,"HSM02413","HSF02442"
"71374_1",NA,"M",NA,NA,NA,"70880_1","70910_2",NA,"HSM02514","2500",NA,"HSM02414","HSF02444"
"71380_1",NA,"M",NA,NA,NA,"70881_1","70880_2",NA,"HSM02515","2500",NA,"HSM02415","HSF02414"
"71400_1",NA,"M",NA,NA,NA,"71077_1","70876_2",NA,"HSM02516","2500",NA,"HSM02416","HSF02409"
"71386_1",NA,"M",NA,NA,NA,"70884_1","70878_2",NA,"HSM02518","2500",NA,"HSM02418","HSF02411"
"71379_1",NA,"M",NA,NA,NA,"70885_1","70874_2",NA,"HSM02519","2500",NA,"HSM02419","HSF02407B"
"71381_1",NA,"M",NA,NA,NA,"70886_1","70881_2",NA,"HSM02520","2500",NA,"HSM02420","HSF02415"
"71375_1",NA,"M",NA,NA,NA,"70887_1","70896_2",NA,"HSM02521","2500",NA,"HSM02421","HSF02430"
"71355_1",NA,"M",NA,NA,NA,"70888_1","70892_2",NA,"HSM02522","2500",NA,"HSM02422","HSF02426"
"71356_1",NA,"M",NA,NA,NA,"70889_1","70919_2",NA,"HSM02523","2500",NA,"HSM02423","HSF02453"
"71402_1",NA,"M",NA,NA,NA,"70890_1","71077_2",NA,"HSM02524","2500",NA,"HSM02424","HSF02416"
"71342_1",NA,"M",NA,NA,NA,"70891_1","70889_2",NA,"HSM02525","2500",NA,"HSM02425","HSF02423"
"71399_1",NA,"M",NA,NA,NA,"71687_1","70905_2",NA,"HSM02525B","2500",NA,"HSM02425B","HSF02439"
"71362_1",NA,"M",NA,NA,NA,"70892_1","70873_2",NA,"HSM02526","2500",NA,"HSM02426","HSF02407"
"71361_1",NA,"M",NA,NA,NA,"70893_1","70867_2",NA,"HSM02527","2500",NA,"HSM02427","HSF02401"
"71347_1",NA,"M",NA,NA,NA,"70894_1","70914_2",NA,"HSM02528","2500",NA,"HSM02428","HSF02448"
"71403_1",NA,"M",NA,NA,NA,"71696_1","70885_2",NA,"HSM02528B","2500",NA,"HSM02428B","HSF02419"
"71343_1",NA,"M",NA,NA,NA,"70895_1","70915_2",NA,"HSM02529","2500",NA,"HSM02429","HSF02449"
"71390_1",NA,"M",NA,NA,NA,"70896_1","70894_2",NA,"HSM02530","2500",NA,"HSM02430","HSF02428"
"71401_1",NA,"M",NA,NA,NA,"70897_1","71687_2",NA,"HSM02531","2500",NA,"HSM02431","HSF02425B"
"71395_1",NA,"M",NA,NA,NA,"70898_1","70888_2",NA,"HSM02532","2500",NA,"HSM02432","HSF02422"
"71357_1",NA,"M",NA,NA,NA,"70899_1","70893_2",NA,"HSM02533","2500",NA,"HSM02433","HSF02427"
"71405_1",NA,"M",NA,NA,NA,"70900_1","71305_2",NA,"HSM02534","2500",NA,"HSM02434","HSF02459"
"71354_1",NA,"M",NA,NA,NA,"70901_1","70906_2",NA,"HSM02535","2500",NA,"HSM02435","HSF02440"
"72017_1",NA,"M",NA,NA,NA,"70902_1","70900_2",NA,"HSM02536","2500",NA,"HSM02436","HSF02434"
"71367_1",NA,"M",NA,NA,NA,"70903_1","70897_2",NA,"HSM02537","2500",NA,"HSM02437","HSF02431"
"71363_1",NA,"M",NA,NA,NA,"70904_1","70890_2",NA,"HSM02538","2500",NA,"HSM02438","HSF02424"
"71352_1",NA,"M",NA,NA,NA,"70905_1","70871_2",NA,"HSM02539","2500",NA,"HSM02439","HSF02405"
"71364_1",NA,"M",NA,NA,NA,"70906_1","70901_2",NA,"HSM02540","2500",NA,"HSM02440","HSF02435"
"71384_1",NA,"M",NA,NA,NA,"70907_1","70904_2",NA,"HSM02541","2500",NA,"HSM02441","HSF02438"
"71369_1",NA,"M",NA,NA,NA,"70908_1","70872_2",NA,"HSM02542","2500",NA,"HSM02442","HSF02406"
"71344_1",NA,"M",NA,NA,NA,"70909_1","70921_2",NA,"HSM02543","2500",NA,"HSM02443","HSF02455"
"71397_1",NA,"M",NA,NA,NA,"71110_1","70916_2",NA,"HSM02543B","2500",NA,"HSM02443B","HSF02450"
"71387_1",NA,"M",NA,NA,NA,"70910_1","70879_2",NA,"HSM02544","2500",NA,"HSM02444","HSF02413"
"71365_1",NA,"M",NA,NA,NA,"70911_1","70917_2",NA,"HSM02545","2500",NA,"HSM02445","HSF02451"
"71382_1",NA,"M",NA,NA,NA,"70912_1","70927_2",NA,"HSM02546","2500",NA,"HSM02446","HSF02461"
"71345_1",NA,"M",NA,NA,NA,"70913_1","70870_2",NA,"HSM02547","2500",NA,"HSM02447","HSF02404"
"71372_1",NA,"M",NA,NA,NA,"70914_1","70868_2",NA,"HSM02548","2500",NA,"HSM02448","HSF02402"
"71373_1",NA,"M",NA,NA,NA,"70915_1","70898_3",NA,"HSM02549","2500",NA,"HSM02449","HSF02432B"
"71358_1",NA,"M",NA,NA,NA,"70916_1","70895_2",NA,"HSM02550","2500",NA,"HSM02450","HSF02429"
"71350_1",NA,"M",NA,NA,NA,"70917_1","70869_2",NA,"HSM02551","2500",NA,"HSM02451","HSF02403"
"71377_1",NA,"M",NA,NA,NA,"70918_1","70907_2",NA,"HSM02552","2500",NA,"HSM02452","HSF02441"
"71348_1",NA,"M",NA,NA,NA,"70919_1","70911_2",NA,"HSM02553","2500",NA,"HSM02453","HSF02445"
"71385_1",NA,"M",NA,NA,NA,"70920_1","70902_2",NA,"HSM02554","2500",NA,"HSM02454","HSF02436"
"71359_1",NA,"M",NA,NA,NA,"70921_1","70909_2",NA,"HSM02555","2500",NA,"HSM02455","HSF02443"
"71392_1",NA,"M",NA,NA,NA,"70923_1","70887_2",NA,"HSM02557","2500",NA,"HSM02457","HSF02421"
"71393_1",NA,"M",NA,NA,NA,"70923_3","70891_2",NA,"HSM02557B","2500",NA,"HSM02457B","HSF02425"
"71353_1",NA,"M",NA,NA,NA,"70924_1","70899_2",NA,"HSM02558","2500",NA,"HSM02458","HSF02433"
"71398_1",NA,"M",NA,NA,NA,"71305_1","70920_2",NA,"HSM02559","2500",NA,"HSM02459","HSF02454"
"71396_1",NA,"M",NA,NA,NA,"70926_1","71110_2",NA,"HSM02560","2500",NA,"HSM02460","HSF02443B"
"71370_1",NA,"M",NA,NA,NA,"70927_1","70912_2",NA,"HSM02561","2500",NA,"HSM02461","HSF02446"
"71404_1",NA,"M",NA,NA,NA,"70928_1","71696_2",NA,"HSM02562","2500",NA,"HSM02462","HSF02428B"
"71360_1",NA,"M",NA,NA,NA,"70929_1","70903_2",NA,"HSM02563","2500",NA,"HSM02463","HSF02437"
"71383_1",NA,"M",NA,NA,NA,"70930_1","70886_2",NA,"HSM02564","2500",NA,"HSM02464","HSF02420"
"71368_2",NA,"F",NA,NA,NA,"70867_1","70898_2",NA,"HSF02501","2500",NA,"HSM02401","HSF02432"
"71389_2",NA,"F",NA,NA,NA,"70868_1","70930_2",NA,"HSF02502","2500",NA,"HSM02402","HSF02464"
"71371_2",NA,"F",NA,NA,NA,"70869_1","70928_2",NA,"HSF02503","2500",NA,"HSM02403","HSF02462"
"71351_2",NA,"F",NA,NA,NA,"70870_1","70913_2",NA,"HSF02504","2500",NA,"HSM02404","HSF02447"
"71349_2",NA,"F",NA,NA,NA,"70871_1","70926_2",NA,"HSF02505","2500",NA,"HSM02405","HSF02460"
"71394_2",NA,"F",NA,NA,NA,"70872_1","70929_2",NA,"HSF02506","2500",NA,"HSM02406","HSF02463"
"71346_2",NA,"F",NA,NA,NA,"70873_1","70918_2",NA,"HSF02507","2500",NA,"HSM02407","HSF02452"
"71391_2",NA,"F",NA,NA,NA,"70874_1","70923_2",NA,"HSF02507B","2500",NA,"HSM02407B","HSF02457"
"71388_2",NA,"F",NA,NA,NA,"70876_1","70924_2",NA,"HSF02509","2500",NA,"HSM02409","HSF02458"
"71378_2",NA,"F",NA,NA,NA,"70878_1","70884_2",NA,"HSF02511","2500",NA,"HSM02411","HSF02418"
"71366_2",NA,"F",NA,NA,NA,"70879_1","70908_2",NA,"HSF02513","2500",NA,"HSM02413","HSF02442"
"71374_2",NA,"F",NA,NA,NA,"70880_1","70910_2",NA,"HSF02514","2500",NA,"HSM02414","HSF02444"
"71380_2",NA,"F",NA,NA,NA,"70881_1","70880_2",NA,"HSF02515","2500",NA,"HSM02415","HSF02414"
"71400_2",NA,"F",NA,NA,NA,"71077_1","70876_2",NA,"HSF02516","2500",NA,"HSM02416","HSF02409"
"71386_2",NA,"F",NA,NA,NA,"70884_1","70878_2",NA,"HSF02518","2500",NA,"HSM02418","HSF02411"
"71379_2",NA,"F",NA,NA,NA,"70885_1","70874_2",NA,"HSF02519","2500",NA,"HSM02419","HSF02407B"
"71381_2",NA,"F",NA,NA,NA,"70886_1","70881_2",NA,"HSF02520","2500",NA,"HSM02420","HSF02415"
"71375_2",NA,"F",NA,NA,NA,"70887_1","70896_2",NA,"HSF02521","2500",NA,"HSM02421","HSF02430"
"71355_2",NA,"F",NA,NA,NA,"70888_1","70892_2",NA,"HSF02522","2500",NA,"HSM02422","HSF02426"
"71356_2",NA,"F",NA,NA,NA,"70889_1","70919_2",NA,"HSF02523","2500",NA,"HSM02423","HSF02453"
"71402_2",NA,"F",NA,NA,NA,"70890_1","71077_2",NA,"HSF02524","2500",NA,"HSM02424","HSF02416"
"71342_2",NA,"F",NA,NA,NA,"70891_1","70889_2",NA,"HSF02525","2500",NA,"HSM02425","HSF02423"
"71399_2",NA,"F",NA,NA,NA,"71687_1","70905_2",NA,"HSF02525B","2500",NA,"HSM02425B","HSF02439"
"71362_2",NA,"F",NA,NA,NA,"70892_1","70873_2",NA,"HSF02526","2500",NA,"HSM02426","HSF02407"
"71361_2",NA,"F",NA,NA,NA,"70893_1","70867_2",NA,"HSF02527","2500",NA,"HSM02427","HSF02401"
"71347_2",NA,"F",NA,NA,NA,"70894_1","70914_2",NA,"HSF02528","2500",NA,"HSM02428","HSF02448"
"71403_2",NA,"F",NA,NA,NA,"71696_1","70885_2",NA,"HSF02528B","2500",NA,"HSM02428B","HSF02419"
"71343_2",NA,"F",NA,NA,NA,"70895_1","70915_2",NA,"HSF02529","2500",NA,"HSM02429","HSF02449"
"71390_2",NA,"F",NA,NA,NA,"70896_1","70894_2",NA,"HSF02530","2500",NA,"HSM02430","HSF02428"
"71401_2",NA,"F",NA,NA,NA,"70897_1","71687_2",NA,"HSF02531","2500",NA,"HSM02431","HSF02425B"
"71395_2",NA,"F",NA,NA,NA,"70898_1","70888_2",NA,"HSF02532","2500",NA,"HSM02432","HSF02422"
"71357_2",NA,"F",NA,NA,NA,"70899_1","70893_2",NA,"HSF02533","2500",NA,"HSM02433","HSF02427"
"71405_2",NA,"F",NA,NA,NA,"70900_1","71305_2",NA,"HSF02534","2500",NA,"HSM02434","HSF02459"
"71354_2",NA,"F",NA,NA,NA,"70901_1","70906_2",NA,"HSF02535","2500",NA,"HSM02435","HSF02440"
"72017_2",NA,"F",NA,NA,NA,"70902_1","70900_2",NA,"HSF02536","2500",NA,"HSM02436","HSF02434"
"71367_2",NA,"F",NA,NA,NA,"70903_1","70897_2",NA,"HSF02537","2500",NA,"HSM02437","HSF02431"
"71363_2",NA,"F",NA,NA,NA,"70904_1","70890_2",NA,"HSF02538","2500",NA,"HSM02438","HSF02424"
"71352_2",NA,"F",NA,NA,NA,"70905_1","70871_2",NA,"HSF02539","2500",NA,"HSM02439","HSF02405"
"71364_2",NA,"F",NA,NA,NA,"70906_1","70901_2",NA,"HSF02540","2500",NA,"HSM02440","HSF02435"
"71384_2",NA,"F",NA,NA,NA,"70907_1","70904_2",NA,"HSF02541","2500",NA,"HSM02441","HSF02438"
"71369_2",NA,"F",NA,NA,NA,"70908_1","70872_2",NA,"HSF02542","2500",NA,"HSM02442","HSF02406"
"71344_2",NA,"F",NA,NA,NA,"70909_1","70921_2",NA,"HSF02543","2500",NA,"HSM02443","HSF02455"
"71397_2",NA,"F",NA,NA,NA,"71110_1","70916_2",NA,"HSF02543B","2500",NA,"HSM02443B","HSF02450"
"71387_2",NA,"F",NA,NA,NA,"70910_1","70879_2",NA,"HSF02544","2500",NA,"HSM02444","HSF02413"
"71365_2",NA,"F",NA,NA,NA,"70911_1","70917_2",NA,"HSF02545","2500",NA,"HSM02445","HSF02451"
"71382_2",NA,"F",NA,NA,NA,"70912_1","70927_2",NA,"HSF02546","2500",NA,"HSM02446","HSF02461"
"71345_2",NA,"F",NA,NA,NA,"70913_1","70870_2",NA,"HSF02547","2500",NA,"HSM02447","HSF02404"
"71372_2",NA,"F",NA,NA,NA,"70914_1","70868_2",NA,"HSF02548","2500",NA,"HSM02448","HSF02402"
"71373_2",NA,"F",NA,NA,NA,"70915_1","70898_3",NA,"HSF02549","2500",NA,"HSM02449","HSF02432B"
"71358_2",NA,"F",NA,NA,NA,"70916_1","70895_2",NA,"HSF02550","2500",NA,"HSM02450","HSF02429"
"71350_2",NA,"F",NA,NA,NA,"70917_1","70869_2",NA,"HSF02551","2500",NA,"HSM02451","HSF02403"
"71377_2",NA,"F",NA,NA,NA,"70918_1","70907_2",NA,"HSF02552","2500",NA,"HSM02452","HSF02441"
"71348_2",NA,"F",NA,NA,NA,"70919_1","70911_2",NA,"HSF02553","2500",NA,"HSM02453","HSF02445"
"71385_2",NA,"F",NA,NA,NA,"70920_1","70902_2",NA,"HSF02554","2500",NA,"HSM02454","HSF02436"
"71359_2",NA,"F",NA,NA,NA,"70921_1","70909_2",NA,"HSF02555","2500",NA,"HSM02455","HSF02443"
"71392_2",NA,"F",NA,NA,NA,"70923_1","70887_2",NA,"HSF02557","2500",NA,"HSM02457","HSF02421"
"71393_2",NA,"F",NA,NA,NA,"70923_3","70891_2",NA,"HSF02557B","2500",NA,"HSM02457B","HSF02425"
"71353_2",NA,"F",NA,NA,NA,"70924_1","70899_2",NA,"HSF02558","2500",NA,"HSM02458","HSF02433"
"71398_2",NA,"F",NA,NA,NA,"71305_1","70920_2",NA,"HSF02559","2500",NA,"HSM02459","HSF02454"
"71396_2",NA,"F",NA,NA,NA,"70926_1","71110_2",NA,"HSF02560","2500",NA,"HSM02460","HSF02443B"
"71370_2",NA,"F",NA,NA,NA,"70927_1","70912_2",NA,"HSF02561","2500",NA,"HSM02461","HSF02446"
"71404_2",NA,"F",NA,NA,NA,"70928_1","71696_2",NA,"HSF02562","2500",NA,"HSM02462","HSF02428B"
"71360_2",NA,"F",NA,NA,NA,"70929_1","70903_2",NA,"HSF02563","2500",NA,"HSM02463","HSF02437"
"71383_2",NA,"F",NA,NA,NA,"70930_1","70886_2",NA,"HSF02564","2500",NA,"HSM02464","HSF02420"
"71771_2","BLACK HOOD","M","1",NA,NA,"69630_1","69410_2",NA,NA,"2600",NA,"HSM02222","HSF02221"
"71799_2","BLACK HOOD","M","2",NA,NA,"69512_1","69316_2",NA,NA,"2600",NA,"HSM02249","HSF02228"
"71796_4","BLACK","M","3",NA,NA,"69403_1","69467_2",NA,NA,"2600",NA,"HSM02205","HSF02263"
"71795_2","BROWN","M","4",NA,NA,"69449_1","69516_2",NA,NA,"2600",NA,"HSM02207","HSF02204"
"71812_4","BROWN HOOD","M","5",NA,NA,"71039_1","71051_1",NA,NA,"2600",NA,"HSM02343B","HSF02342"
"71828_2","BLACK","M","6",NA,NA,"69962_1","70094_2",NA,NA,"2600",NA,"HSM02311","HSF02303"
"71832_2","BLACK HOOD","M","7",NA,NA,"70072_1","70107_2",NA,NA,"2600",NA,"HSM02326","HSF02349"
"71824_2","BROWN HOOD","M","8",NA,NA,"69466_1","69454_2",NA,NA,"2600",NA,"HSM02260","HSF02226"
"71772_2","BROWN","M","9",NA,NA,"69415_1","69455_2",NA,NA,"2600",NA,"HSM02246","HSF02227"
"71834_2","ALBINO","M","10",NA,NA,"70071_1","69958_2",NA,NA,"2600",NA,"HSM02329","HSF02302"
"71838_2","BLACK","M","11",NA,NA,"70113_1","70109_2",NA,NA,"2600",NA,"HSM02362","HSF02354"
"71830_1","BROWN","M","12",NA,NA,"69965_1","70098_2",NA,NA,"2600",NA,"HSM02320","HSF02313"
"71835_1","BROWN HOOD","M","13",NA,NA,"69972_1","70072_2",NA,NA,"2600",NA,"HSM02342","HSF02326"
"71806_4","BROWN","M","14",NA,NA,"70073_1","69970_2",NA,NA,"2600",NA,"HSM02338","HSF02337"
"71794_2","ALBINO","M","15",NA,NA,"69515_1","69417_2",NA,NA,"2600",NA,"HSM02203","HSF02255"
"71827_2","BLACK HOOD","M","16",NA,NA,"69960_1","70081_2",NA,NA,"2600",NA,"HSM02309","HSF02353"
"71829_2","ALBINO","M","17",NA,NA,"70098_1","69966_2",NA,NA,"2600",NA,"HSM02313","HSF02325"
"71865_2","BROWN","M","18",NA,NA,"70070_1","69974_2",NA,NA,"2600",NA,"HSM02328","HSF02355"
"71836_2","BROWN HOOD","M","19",NA,NA,"70082_1","70105_2",NA,NA,"2600",NA,"HSM02357","HSF02335"
"71837_2","ALBINO","M","20",NA,NA,"69975_1","70101_2",NA,NA,"2600",NA,"HSM02358","HSF02327"
"71820_2","BLACK","M","21",NA,NA,"69409_1","69466_2",NA,NA,"2600",NA,"HSM02219","HSF02260"
"71822_2","BROWN","M","22",NA,NA,"69412_1","69324_2",NA,NA,"2600",NA,"HSM02237","HSF02245"
"71823_1","ALBINO","M","23",NA,NA,"69319_1","69764_2",NA,NA,"2600",NA,"HSM02238","HSF02214"
"71819_2","BROWN","M","24",NA,NA,"69404_1","69319_2",NA,NA,"2600",NA,"HSM02209","HSF02238"
"71839_2","BLACK","M","25",NA,NA,"70112_1","70080_2",NA,NA,"2600",NA,"HSM02361","HSF02352"
"72210_1","BROWN","M","26",NA,NA,"70981_1","71032_1",NA,NA,"2600",NA,"HSM02328B","HSF02314"
"72253_1","BLACK","M","27",NA,NA,"69457_1","69458_2",NA,NA,"2600",NA,"HSM02233","HSF02234"
"72261_1","ALBINO","M","28",NA,NA,"70066_1","70071_2",NA,NA,"2600",NA,"HSM02319","HSF02329"
"72227_2","BLACK","M","29",NA,NA,"70890_1","71077_2",NA,NA,"2600",NA,"HSM02424","HSF02416"
"72233_2","BLACK","M","30",NA,NA,"70899_1","70893_2",NA,NA,"2600",NA,"HSM02433","HSF02427"
"72276_2","BROWN","M","31",NA,NA,"70871_1","70926_2",NA,NA,"2600",NA,"HSM02405","HSF02460"
"72244_2","BROWN","M","32",NA,NA,"71110_1","70916_2",NA,NA,"2600",NA,"HSM02443B","HSF02450"
"72282_1","BROWN HOOD","M","33",NA,NA,"70893_1","70867_2",NA,NA,"2600",NA,"HSM02427","HSF02401"
"72245_2","BROWN HOOD","M","34",NA,NA,"70923_3","70891_2",NA,NA,"2600",NA,"HSM02457B","HSF02425"
"72240_2","BROWN HOOD","M","35",NA,NA,"70926_1","71110_2",NA,NA,"2600",NA,"HSM02460","HSF02443B"
"72257_1","BROWN HOOD","M","36",NA,NA,"69625_1","69514_2",NA,NA,"2600",NA,"HSM02259","HSF02216"
"72258_1","BROWN","M","37",NA,NA,"69419_1","69461_2",NA,NA,"2600",NA,"HSM02262","HSF02250"
"72224_2","BROWN","M","38",NA,NA,"70873_1","70918_2",NA,NA,"2600",NA,"HSM02407","HSF02452"
"72266_1","BLACK","M","39",NA,NA,"70067_1","70069_2",NA,NA,"2600",NA,"HSM02336","HSF02324"
"72243_2","BROWN HOOD","M","40",NA,NA,"71687_1","70905_2",NA,NA,"2600",NA,"HSM02425B","HSF02439"
"72250_1","BROWN","M","41",NA,NA,"69631_1","69463_2",NA,NA,"2600",NA,"HSM02218","HSF02254"
"72220_2","BROWN","M","42",NA,NA,"70107_1","70065_2",NA,NA,"2600",NA,"HSM02349","HSF02307"
"72278_2","BROWN HOOD","M","43",NA,NA,"70880_1","70910_2",NA,NA,"2600",NA,"HSM02414","HSF02444"
"72213_3","BLACK","M","44",NA,NA,"70352_1","70353_2",NA,NA,"2600",NA,"HSM02318","HSF02321"
"72265_1","BLACK HOOD","M","45",NA,NA,"70105_1","70103_2",NA,NA,"2600",NA,"HSM02335","HSF02333"
"71820_3","BLACK","F","1",NA,NA,"69409_1","69466_2",NA,NA,"2600",NA,"HSM02219","HSF02260"
"71822_3","BROWN HOOD","F","2",NA,NA,"69412_1","69324_2",NA,NA,"2600",NA,"HSM02237","HSF02245"
"71823_2","ALBINO","F","3",NA,NA,"69319_1","69764_2",NA,NA,"2600",NA,"HSM02238","HSF02214"
"71824_3","BLACK HOOD","F","4",NA,NA,"69466_1","69454_2",NA,NA,"2600",NA,"HSM02260","HSF02226"
"71821_2","BLACK HOOD","F","5",NA,NA,"69317_1","69403_2",NA,NA,"2600",NA,"HSM02231","HSF02205"
"71839_3","BROWN","F","6",NA,NA,"70112_1","70080_2",NA,NA,"2600",NA,"HSM02361","HSF02352"
"71834_3","BROWN HOOD","F","7",NA,NA,"70071_1","69958_2",NA,NA,"2600",NA,"HSM02329","HSF02302"
"71837_3","ALBINO","F","8",NA,NA,"69975_1","70101_2",NA,NA,"2600",NA,"HSM02358","HSF02327"
"71794_3","BLACK","F","9",NA,NA,"69515_1","69417_2",NA,NA,"2600",NA,"HSM02203","HSF02255"
"71819_3","BLACK","F","10",NA,NA,"69404_1","69319_2",NA,NA,"2600",NA,"HSM02209","HSF02238"
"71830_2","BLACK","F","11",NA,NA,"69965_1","70098_2",NA,NA,"2600",NA,"HSM02320","HSF02313"
"71865_3","BROWN","F","12",NA,NA,"70070_1","69974_2",NA,NA,"2600",NA,"HSM02328","HSF02355"
"71832_3","BLACK HOOD","F","13",NA,NA,"70072_1","70107_2",NA,NA,"2600",NA,"HSM02326","HSF02349"
"71771_3","BROWN HOOD","F","14",NA,NA,"69630_1","69410_2",NA,NA,"2600",NA,"HSM02222","HSF02221"
"71795_3","BROWN","F","15",NA,NA,"69449_1","69516_2",NA,NA,"2600",NA,"HSM02207","HSF02204"
"71772_3","BROWN","F","16",NA,NA,"69415_1","69455_2",NA,NA,"2600",NA,"HSM02246","HSF02227"
"71806_5","ALBINO","F","17",NA,NA,"70073_1","69970_2",NA,NA,"2600",NA,"HSM02338","HSF02337"
"71812_5","BROWN HOOD","F","18",NA,NA,"71039_1","71051_1",NA,NA,"2600",NA,"HSM02343B","HSF02342"
"71799_3","BLACK HOOD","F","19",NA,NA,"69512_1","69316_2",NA,NA,"2600",NA,"HSM02249","HSF02228"
"71828_3","BLACK HOOD","F","20",NA,NA,"69962_1","70094_2",NA,NA,"2600",NA,"HSM02311","HSF02303"
"71836_3","BROWN HOOD","F","21",NA,NA,"70082_1","70105_2",NA,NA,"2600",NA,"HSM02357","HSF02335"
"71804_3","BLACK","F","22",NA,NA,"70353_1","69965_2",NA,NA,"2600",NA,"HSM02321","HSF02320"
"71838_3","BROWN","F","23",NA,NA,"70113_1","70109_2",NA,NA,"2600",NA,"HSM02362","HSF02354"
"71796_5","BROWN","F","24",NA,NA,"69403_1","69467_2",NA,NA,"2600",NA,"HSM02205","HSF02263"
"71829_3","ALBINO","F","25",NA,NA,"70098_1","69966_2",NA,NA,"2600",NA,"HSM02313","HSF02325"
"72258_2","BLACK","F","26",NA,NA,"69419_1","69461_2",NA,NA,"2600",NA,"HSM02262","HSF02250"
"72250_2","BLACK","F","27",NA,NA,"69631_1","69463_2",NA,NA,"2600",NA,"HSM02218","HSF02254"
"72257_2","BLACK","F","28",NA,NA,"69625_1","69514_2",NA,NA,"2600",NA,"HSM02259","HSF02216"
"72265_2","BLACK HOOD","F","29",NA,NA,"70105_1","70103_2",NA,NA,"2600",NA,"HSM02335","HSF02333"
"72266_2","BROWN HOOD","F","30",NA,NA,"70067_1","70069_2",NA,NA,"2600",NA,"HSM02336","HSF02324"
"72220_3","BLACK","F","31",NA,NA,"70107_1","70065_2",NA,NA,"2600",NA,"HSM02349","HSF02307"
"72278_3","BROWN HOOD","F","32",NA,NA,"70880_1","70910_2",NA,NA,"2600",NA,"HSM02414","HSF02444"
"72213_4","BROWN","F","33",NA,NA,"70352_1","70353_2",NA,NA,"2600",NA,"HSM02318","HSF02321"
"72224_3","BROWN HOOD","F","34",NA,NA,"70873_1","70918_2",NA,NA,"2600",NA,"HSM02407","HSF02452"
"72243_3","ALBINO","F","35",NA,NA,"71687_1","70905_2",NA,NA,"2600",NA,"HSM02425B","HSF02439"
"72261_2","BROWN HOOD","F","36",NA,NA,"70066_1","70071_2",NA,NA,"2600",NA,"HSM02319","HSF02329"
"72210_2","ALBINO","F","37",NA,NA,"70981_1","71032_1",NA,NA,"2600",NA,"HSM02328B","HSF02314"
"72227_3","BLACK","F","38",NA,NA,"70890_1","71077_2",NA,NA,"2600",NA,"HSM02424","HSF02416"
"72282_2","ALBINO","F","39",NA,NA,"70893_1","70867_2",NA,NA,"2600",NA,"HSM02427","HSF02401"
"72253_2","BROWN","F","40",NA,NA,"69457_1","69458_2",NA,NA,"2600",NA,"HSM02233","HSF02234"
"72276_3","BROWN","F","41",NA,NA,"70871_1","70926_2",NA,NA,"2600",NA,"HSM02405","HSF02460"
"72233_3","BLACK HOOD","F","42",NA,NA,"70899_1","70893_2",NA,NA,"2600",NA,"HSM02433","HSF02427"
"72244_3","BROWN","F","43",NA,NA,"71110_1","70916_2",NA,NA,"2600",NA,"HSM02443B","HSF02450"
"72245_3","BLACK HOOD","F","44",NA,NA,"70923_3","70891_2",NA,NA,"2600",NA,"HSM02457B","HSF02425"
"72240_3","BROWN HOOD","F","45",NA,NA,"70926_1","71110_2",NA,NA,"2600",NA,"HSM02460","HSF02443B"
"72391_1",NA,"M","1",NA,NA,"71771_2","71820_3",NA,"WHSM0201","2700",NA,NA,NA
"72386_2",NA,"M","2",NA,NA,"71799_2","71822_3",NA,"WHSM0202","2700",NA,NA,NA
"72393_1",NA,"M","3",NA,NA,"71796_4","71823_2",NA,"WHSM0203","2700",NA,NA,NA
"72362_2",NA,"M","4",NA,NA,"71795_2","71824_3",NA,"WHSM0204","2700",NA,NA,NA
"72387_2",NA,"M","5",NA,NA,"71812_4","71821_2",NA,"WHSM0205","2700",NA,NA,NA
"72370_1",NA,"M","6",NA,NA,"71828_2","71839_3",NA,"WHSM0206","2700",NA,NA,NA
"72313_1",NA,"M","7",NA,NA,"71832_2","71834_3",NA,"WHSM0207","2700",NA,NA,NA
"72371_2",NA,"M","8",NA,NA,"71824_2","71837_3",NA,"WHSM0208","2700",NA,NA,NA
"72377_1",NA,"M","9",NA,NA,"71772_2","71794_3",NA,"WHSM0209","2700",NA,NA,NA
"72380_1",NA,"M","10",NA,NA,"71834_2","71819_3",NA,"WHSM0210","2700",NA,NA,NA
"72384_1",NA,"M","12",NA,NA,"71830_1","71865_3",NA,"WHSM0212","2700",NA,NA,NA
"72319_1",NA,"M","13",NA,NA,"71835_1","71832_3",NA,"WHSM0213","2700",NA,NA,NA
"72413_1",NA,"M","14",NA,NA,"71806_4","71771_3",NA,"WHSM0214","2700",NA,NA,NA
"72397_1",NA,"M","15",NA,NA,"71794_2","71795_3",NA,"WHSM0215","2700",NA,NA,NA
"72398_1",NA,"M","16",NA,NA,"71827_2","71772_3",NA,"WHSM0216","2700",NA,NA,NA
"72407_1",NA,"M","17",NA,NA,"71829_2","71806_5",NA,"WHSM0217","2700",NA,NA,NA
"72411_2",NA,"M","18",NA,NA,"71865_2","71812_5",NA,"WHSM0218","2700",NA,NA,NA
"72405_1",NA,"M","19",NA,NA,"71836_2","71799_3",NA,"WHSM0219","2700",NA,NA,NA
"72503_1",NA,"M","20",NA,NA,"71837_2","71828_3",NA,"WHSM0220","2700",NA,NA,NA
"72402_1",NA,"M","21",NA,NA,"71820_2","71836_3",NA,"WHSM0221","2700",NA,NA,NA
"72404_2",NA,"M","22",NA,NA,"71822_2","71804_3",NA,"WHSM0222","2700",NA,NA,NA
"72400_1",NA,"M","23",NA,NA,"71823_1","71838_3",NA,"WHSM0223","2700",NA,NA,NA
"72409_2",NA,"M","24",NA,NA,"71819_2","71796_5",NA,"WHSM0224","2700",NA,NA,NA
"72395_1",NA,"M","25",NA,NA,"71839_2","71829_3",NA,"WHSM0225","2700",NA,NA,NA
"72333_1",NA,"M","26",NA,NA,"72210_1","72258_2",NA,"WHSM0226","2700",NA,NA,NA
"72334_1",NA,"M","27",NA,NA,"72253_1","72250_2",NA,"WHSM0227","2700",NA,NA,NA
"72335_4",NA,"M","28",NA,NA,"72261_1","72257_2",NA,"WHSM0228","2700",NA,NA,NA
"72336_1",NA,"M","29",NA,NA,"72227_2","72265_2",NA,"WHSM0229","2700",NA,NA,NA
"72337_1",NA,"M","30",NA,NA,"72233_2","72266_2",NA,"WHSM0230","2700",NA,NA,NA
"72338_1",NA,"M","31",NA,NA,"72276_2","72220_3",NA,"WHSM0231","2700",NA,NA,NA
"72339_2",NA,"M","32",NA,NA,"72244_2","72278_3",NA,"WHSM0232","2700",NA,NA,NA
"72340_2",NA,"M","33",NA,NA,"72282_1","72213_4",NA,"WHSM0233","2700",NA,NA,NA
"72341_1",NA,"M","34",NA,NA,"72245_2","72224_3",NA,"WHSM0234","2700",NA,NA,NA
"72342_1",NA,"M","35",NA,NA,"72240_2","72243_3",NA,"WHSM0235","2700",NA,NA,NA
"72448_2",NA,"M","36",NA,NA,"72257_1","72261_2",NA,"WHSM0236","2700",NA,NA,NA
"72457_2",NA,"M","37",NA,NA,"72258_1","72210_2",NA,"WHSM0237","2700",NA,NA,NA
"72454_2",NA,"M","38",NA,NA,"72224_2","72227_3",NA,"WHSM0238","2700",NA,NA,NA
"72455_2",NA,"M","39",NA,NA,"72266_1","72282_2",NA,"WHSM0239","2700",NA,NA,NA
"72446_5",NA,"M","40",NA,NA,"72243_2","72253_2",NA,"WHSM0240","2700",NA,NA,NA
"72465_2",NA,"M","41",NA,NA,"72250_1","72276_3",NA,"WHSM0241","2700",NA,NA,NA
"72447_1",NA,"M","42",NA,NA,"72220_2","72233_3",NA,"WHSM0242","2700",NA,NA,NA
"72350_1",NA,"M","43",NA,NA,"72278_2","72244_3",NA,"WHSM0243","2700",NA,NA,NA
"72351_5",NA,"M","44",NA,NA,"72213_3","72245_3",NA,"WHSM0244","2700",NA,NA,NA
"72476_1",NA,"M","45",NA,NA,"72265_1","72240_3",NA,"WHSM0245","2700",NA,NA,NA
"72391_2",NA,"F","1",NA,NA,"71771_2","71820_3",NA,"WHSF0201","2700",NA,NA,NA
"72386_1",NA,"F","2",NA,NA,"71799_2","71822_3",NA,"WHSF0202","2700",NA,NA,NA
"72393_2",NA,"F","3",NA,NA,"71796_4","71823_2",NA,"WHSF0203","2700",NA,NA,NA
"72362_1",NA,"F","4",NA,NA,"71795_2","71824_3",NA,"WHSF0204","2700",NA,NA,NA
"72387_1",NA,"F","5",NA,NA,"71812_4","71821_2",NA,"WHSF0205","2700",NA,NA,NA
"72370_2",NA,"F","6",NA,NA,"71828_2","71839_3",NA,"WHSF0206","2700",NA,NA,NA
"72313_2",NA,"F","7",NA,NA,"71832_2","71834_3",NA,"WHSF0207","2700",NA,NA,NA
"72371_1",NA,"F","8",NA,NA,"71824_2","71837_3",NA,"WHSF0208","2700",NA,NA,NA
"72377_2",NA,"F","9",NA,NA,"71772_2","71794_3",NA,"WHSF0209","2700",NA,NA,NA
"72380_2",NA,"F","10",NA,NA,"71834_2","71819_3",NA,"WHSF0210","2700",NA,NA,NA
"72384_2",NA,"F","12",NA,NA,"71830_1","71865_3",NA,"WHSF0212","2700",NA,NA,NA
"72319_2",NA,"F","13",NA,NA,"71835_1","71832_3",NA,"WHSF0213","2700",NA,NA,NA
"72414_1",NA,"F","14",NA,NA,"71806_4","71771_3",NA,"WHSF0214","2700",NA,NA,NA
"72397_2",NA,"F","15",NA,NA,"71794_2","71795_3",NA,"WHSF0215","2700",NA,NA,NA
"72398_2",NA,"F","16",NA,NA,"71827_2","71772_3",NA,"WHSF0216","2700",NA,NA,NA
"72407_2",NA,"F","17",NA,NA,"71829_2","71806_5",NA,"WHSF0217","2700",NA,NA,NA
"72411_1",NA,"F","18",NA,NA,"71865_2","71812_5",NA,"WHSF0218","2700",NA,NA,NA
"72405_2",NA,"F","19",NA,NA,"71836_2","71799_3",NA,"WHSF0219","2700",NA,NA,NA
"72503_2",NA,"F","20",NA,NA,"71837_2","71828_3",NA,"WHSF0220","2700",NA,NA,NA
"72403_1",NA,"F","21",NA,NA,"71820_2","71836_3",NA,"WHSF0221","2700",NA,NA,NA
"72404_1",NA,"F","22",NA,NA,"71822_2","71804_3",NA,"WHSF0222","2700",NA,NA,NA
"72400_2",NA,"F","23",NA,NA,"71823_1","71838_3",NA,"WHSF0223","2700",NA,NA,NA
"72409_1",NA,"F","24",NA,NA,"71819_2","71796_5",NA,"WHSF0224","2700",NA,NA,NA
"72395_2",NA,"F","25",NA,NA,"71839_2","71829_3",NA,"WHSF0225","2700",NA,NA,NA
"72333_2",NA,"F","26",NA,NA,"72210_1","72258_2",NA,"WHSF0226","2700",NA,NA,NA
"72334_2",NA,"F","27",NA,NA,"72253_1","72250_2",NA,"WHSF0227","2700",NA,NA,NA
"72464_1",NA,"F","28",NA,NA,"72261_1","72257_2",NA,"WHSF0228","2700",NA,NA,NA
"72336_2",NA,"F","29",NA,NA,"72227_2","72265_2",NA,"WHSF0229","2700",NA,NA,NA
"72337_2",NA,"F","30",NA,NA,"72233_2","72266_2",NA,"WHSF0230","2700",NA,NA,NA
"72338_2",NA,"F","31",NA,NA,"72276_2","72220_3",NA,"WHSF0231","2700",NA,NA,NA
"72339_1",NA,"F","32",NA,NA,"72244_2","72278_3",NA,"WHSF0232","2700",NA,NA,NA
"72340_1",NA,"F","33",NA,NA,"72282_1","72213_4",NA,"WHSF0233","2700",NA,NA,NA
"72341_2",NA,"F","34",NA,NA,"72245_2","72224_3",NA,"WHSF0234","2700",NA,NA,NA
"72342_2",NA,"F","35",NA,NA,"72240_2","72243_3",NA,"WHSF0235","2700",NA,NA,NA
"72448_1",NA,"F","36",NA,NA,"72257_1","72261_2",NA,"WHSF0236","2700",NA,NA,NA
"72457_1",NA,"F","37",NA,NA,"72258_1","72210_2",NA,"WHSF0237","2700",NA,NA,NA
"72454_1",NA,"F","38",NA,NA,"72224_2","72227_3",NA,"WHSF0238","2700",NA,NA,NA
"72455_1",NA,"F","39",NA,NA,"72266_1","72282_2",NA,"WHSF0239","2700",NA,NA,NA
"72446_6",NA,"F","40",NA,NA,"72243_2","72253_2",NA,"WHSF0240","2700",NA,NA,NA
"72465_1",NA,"F","41",NA,NA,"72250_1","72276_3",NA,"WHSF0241","2700",NA,NA,NA
"72447_2",NA,"F","42",NA,NA,"72220_2","72233_3",NA,"WHSF0242","2700",NA,NA,NA
"72350_2",NA,"F","43",NA,NA,"72278_2","72244_3",NA,"WHSF0243","2700",NA,NA,NA
"72475_1",NA,"F","44",NA,NA,"72213_3","72245_3",NA,"WHSF0244","2700",NA,NA,NA
"72476_2",NA,"F","45",NA,NA,"72265_1","72240_3",NA,"WHSF0245","2700",NA,NA,NA
"72525_1","BLACKHOOD","M",NA,NA,NA,"72334_1","72391_2",NA,"WHSM0301","2800","LT","WHSM0227","WHSF0201"
"72526_1","BLACK HOOD","M",NA,NA,NA,"72362_2","72386_1",NA,"WHSM0302","2800","RB","WHSM0204","WHSF0202"
"72527_1","ALBINO","M",NA,NA,NA,"72371_2","72393_2",NA,"WHSM0303","2800","RT","WHSM0208","WHSF0203"
"72632_1","ALBINO","M",NA,NA,NA,"72337_1","72362_1",NA,"WHSM0304","2800","LB","WHSM0230","WHSF0204"
"72529_2","BLACKHOOD","M",NA,NA,NA,"72407_1","72387_1",NA,"WHSM0305","2800","LB","WHSM0217","WHSF0205"
"72530_1","BLACK","M",NA,NA,NA,"72338_1","72370_2",NA,"WHSM0306","2800","LT","WHSM0231","WHSF0206"
"72531_2","BLACK","M",NA,NA,NA,"72400_1","72313_2",NA,"WHSM0307","2800","LB","WHSM0223","WHSF0207"
"72532_1","BROWNHOOD","M",NA,NA,NA,"72384_1","72371_1",NA,"WHSM0308","2800","RB","WHSM0212","WHSF0208"
"72533_5","BROWN","M",NA,NA,NA,"72405_1","72377_2",NA,"WHSM0309","2800","LM","WHSM0219","WHSF0209"
"72534_5","BLACK","M",NA,NA,NA,"72455_2","72380_2",NA,"WHSM0310","2800","LM","WHSM0239","WHSF0210"
"72535_1","ALBINO","M",NA,NA,NA,"72350_1","72384_2",NA,"WHSM0312","2800","LT","WHSM0243","WHSF0212"
"72536_3","BROWN HOOD","M",NA,NA,NA,"72454_2","72319_2",NA,"WHSM0313","2800","LB","WHSM0238","WHSF0213"
"72537_5","BROWN","M",NA,NA,NA,"72397_1","72414_1",NA,"WHSM0314","2800","LT","WHSM0215","WHSF0214"
"72538_3","BROWN HOOD","M",NA,NA,NA,"72336_1","72397_2",NA,"WHSM0315","2800","LC","WHSM0229","WHSF0215"
"72539_1","BROWN","M",NA,NA,NA,"72333_1","72398_2",NA,"WHSM0316","2800","LTRT","WHSM0226","WHSF0216"
"72540_5","ALBINO","M",NA,NA,NA,"72335_4","72407_2",NA,"WHSM0317","2800","LM","WHSM0228","WHSF0217"
"72650_1","BROWN","M",NA,NA,NA,"72341_1","72411_1",NA,"WHSM0318","2800","RM","WHSM0234","WHSF0218"
"72656_1","BROWN HOOD","M",NA,NA,NA,"72413_1","72405_2",NA,"WHSM0319","2800","LTRT","WHSM0214","WHSF0219"
"72543_5","BROWN HOOD","M",NA,NA,NA,"72446_5","72503_2",NA,"WHSM0320","2800","LT","WHSM0240","WHSF0220"
"72544_1","BROWN HOOD","M",NA,NA,NA,"72339_2","72403_1",NA,"WHSM0321","2800","LTRM","WHSM0232","WHSF0221"
"72660_1","BLACK","M",NA,NA,NA,"72409_2","72404_1",NA,"WHSM0322","2800","RM","WHSM0224","WHSF0222"
"72663_1","BROWN HOOD","M",NA,NA,NA,"72398_1","72400_2",NA,"WHSM0323","2800","RM","WHSM0216","WHSF0223"
"72591_5","BROWN","M",NA,NA,NA,"72404_2","72409_1",NA,"WHSM0324","2800","LB","WHSM0222","WHSF0224"
"72622_1","BLACK","M",NA,NA,NA,"72465_2","72395_2",NA,"WHSM0325","2800","RB","WHSM0241","WHSF0225"
"72626_5","BLACK","M",NA,NA,NA,"72503_1","72333_2",NA,"WHSM0326","2800","LC","WHSM0220","WHSF0226"
"72594_5","BLACK HOOD","M",NA,NA,NA,"72380_1","72334_2",NA,"WHSM0327","2800","LM","WHSM0210","WHSF0227"
"72593_5","BLACK","M",NA,NA,NA,"72340_2","72464_1",NA,"WHSM0328","2800","RT","WHSM0233","WHSF0228"
"72597_3","BROWN","M",NA,NA,NA,"72457_2","72336_2",NA,"WHSM0329","2800","LC","WHSM0237","WHSF0229"
"72595_4","BROWN HOOD","M",NA,NA,NA,"72448_2","72337_2",NA,"WHSM0330","2800","LM","WHSM0236","WHSF0230"
"72596_3","BLACK HOOD","M",NA,NA,NA,"72411_2","72338_2",NA,"WHSM0331","2800","LC","WHSM0218","WHSF0231"
"72601_3","BROWN","M",NA,NA,NA,"72393_1","72339_1",NA,"WHSM0332","2800","RT","WHSM0203","WHSF0232"
"72667_1","BLACK HOOD","M",NA,NA,NA,"72313_1","72340_1",NA,"WHSM0333","2800","RM","WHSM0207","WHSF0233"
"72623_1","BROWN HOOD","M",NA,NA,NA,"72386_2","72341_2",NA,"WHSM0334","2800","RT","WHSM0202","WHSF0234"
"72625_1","BLACK HOOD","M",NA,NA,NA,"72351_5","72342_2",NA,"WHSM0335","2800","LC","WHSM0244","WHSF0235"
"72668_1","ALBINO","M",NA,NA,NA,"72395_1","72448_1",NA,"WHSM0336","2800","LM","WHSM0225","WHSF0236"
"72618_1","BROWN","M",NA,NA,NA,"72387_2","72457_1",NA,"WHSM0337","2800","RM","WHSM0205","WHSF0237"
"72619_1","BROWN HOOD","M",NA,NA,NA,"72319_1","72454_1",NA,"WHSM0338","2800","RT","WHSM0213","WHSF0238"
"72620_1","ALBINO","M",NA,NA,NA,"72391_1","72455_1",NA,"WHSM0339","2800","LB","WHSM0201","WHSF0239"
"72688_1",NA,"M",NA,NA,NA,"72377_1","72446_6",NA,"WHSM0340","2800",NA,"WHSM0209","WHSF0240B"
"72669_1","BLACK","M",NA,NA,NA,"72370_1","72465_1",NA,"WHSM0341","2800","RC","WHSM0206","WHSF0241"
"72689_1",NA,"M",NA,NA,NA,"72476_1","72447_2",NA,"WHSM0342","2800",NA,"WHSM0245B","WHSF0242B"
"72621_1","BROWN HOOD","M",NA,NA,NA,"72402_1","72350_2",NA,"WHSM0343","2800","RC","WHSM0221","WHSF0243"
"72690_1",NA,"M",NA,NA,NA,"72342_1","72475_1",NA,"WHSM0344","2800",NA,"WHSM0235","WHSF0244B"
"72624_1","BLACK HOOD","M",NA,NA,NA,"72447_1","72476_2",NA,"WHSM0345","2800","RT","WHSM0242","WHSF0245"
"72525_2","ALBINO","F",NA,NA,NA,"72334_1","72391_2",NA,"WHSF0301","2800",NA,"WHSM0227","WHSF0201"
"72526_2","BROWN HOOD","F",NA,NA,NA,"72362_2","72386_1",NA,"WHSF0302","2800",NA,"WHSM0204","WHSF0202"
"72527_2","BROWNHOOD","F",NA,NA,NA,"72371_2","72393_2",NA,"WHSF0303","2800",NA,"WHSM0208","WHSF0203"
"72632_2","ALBINO","F",NA,NA,NA,"72337_1","72362_1",NA,"WHSF0304","2800",NA,"WHSM0230","WHSF0204"
"72529_1","ALBINO","F",NA,NA,NA,"72407_1","72387_1",NA,"WHSF0305","2800",NA,"WHSM0217","WHSF0205"
"72530_2","BROWN","F",NA,NA,NA,"72338_1","72370_2",NA,"WHSF0306","2800",NA,"WHSM0231","WHSF0206"
"72531_1","ALBINO","F",NA,NA,NA,"72400_1","72313_2",NA,"WHSF0307","2800",NA,"WHSM0223","WHSF0207"
"72532_2","ALBINO","F",NA,NA,NA,"72384_1","72371_1",NA,"WHSF0308","2800",NA,"WHSM0212","WHSF0208"
"72533_6","BLACK","F",NA,NA,NA,"72405_1","72377_2",NA,"WHSF0309","2800",NA,"WHSM0219","WHSF0209"
"72534_6","BLACK HOOD","F",NA,NA,NA,"72455_2","72380_2",NA,"WHSF0310","2800",NA,"WHSM0239","WHSF0210"
"72535_2","ALBINO","F",NA,NA,NA,"72350_1","72384_2",NA,"WHSF0312","2800",NA,"WHSM0243","WHSF0212"
"72536_4","BROWN HOOD","F",NA,NA,NA,"72454_2","72319_2",NA,"WHSF0313","2800",NA,"WHSM0238","WHSF0213"
"72537_6","BLACK HOOD","F",NA,NA,NA,"72397_1","72414_1",NA,"WHSF0314","2800",NA,"WHSM0215","WHSF0214"
"72538_4","BROWN","F",NA,NA,NA,"72336_1","72397_2",NA,"WHSF0315","2800",NA,"WHSM0229","WHSF0215"
"72539_2","BROWN","F",NA,NA,NA,"72333_1","72398_2",NA,"WHSF0316","2800",NA,"WHSM0226","WHSF0216"
"72540_6","ALBINO","F",NA,NA,NA,"72335_4","72407_2",NA,"WHSF0317","2800",NA,"WHSM0228","WHSF0217"
"72541_5","BROWN","F",NA,NA,NA,"72341_1","72411_1",NA,"WHSF0318","2800",NA,"WHSM0234","WHSF0218"
"72542_4","BROWN","F",NA,NA,NA,"72413_1","72405_2",NA,"WHSF0319","2800",NA,"WHSM0214","WHSF0219"
"72543_6","BROWN HOOD","F",NA,NA,NA,"72446_5","72503_2",NA,"WHSF0320","2800",NA,"WHSM0240","WHSF0220"
"72544_2","BROWN HOOD","F",NA,NA,NA,"72339_2","72403_1",NA,"WHSF0321","2800",NA,"WHSM0232","WHSF0221"
"72660_2","BLACK","F",NA,NA,NA,"72409_2","72404_1",NA,"WHSF0322","2800",NA,"WHSM0224","WHSF0222"
"72663_2","BROWN HOOD","F",NA,NA,NA,"72398_1","72400_2",NA,"WHSF0323","2800",NA,"WHSM0216","WHSF0223"
"72591_6","BROWN","F",NA,NA,NA,"72404_2","72409_1",NA,"WHSF0324","2800",NA,"WHSM0222","WHSF0224"
"72622_2","BLACK","F",NA,NA,NA,"72465_2","72395_2",NA,"WHSF0325","2800",NA,"WHSM0241","WHSF0225"
"72626_6","BLACK","F",NA,NA,NA,"72503_1","72333_2",NA,"WHSF0326","2800",NA,"WHSM0220","WHSF0226"
"72665_1","BLACK HOOD","F",NA,NA,NA,"72380_1","72334_2",NA,"WHSF0327","2800",NA,"WHSM0210","WHSF0227"
"72593_6","BLACK","F",NA,NA,NA,"72340_2","72464_1",NA,"WHSF0328","2800",NA,"WHSM0233","WHSF0228"
"72597_4","BROWN","F",NA,NA,NA,"72457_2","72336_2",NA,"WHSF0329","2800",NA,"WHSM0237","WHSF0229"
"72595_5","BROWN HOOD","F",NA,NA,NA,"72448_2","72337_2",NA,"WHSF0330","2800",NA,"WHSM0236","WHSF0230"
"72596_4","BLACK","F",NA,NA,NA,"72411_2","72338_2",NA,"WHSF0331","2800",NA,"WHSM0218","WHSF0231"
"72601_4","BROWN","F",NA,NA,NA,"72393_1","72339_1",NA,"WHSF0332","2800",NA,"WHSM0203","WHSF0232"
"72667_2","BLACK HOOD","F",NA,NA,NA,"72313_1","72340_1",NA,"WHSF0333","2800",NA,"WHSM0207","WHSF0233"
"72623_2","BROWN HOOD","F",NA,NA,NA,"72386_2","72341_2",NA,"WHSF0334","2800",NA,"WHSM0202","WHSF0234"
"72625_2","BLACK HOOD","F",NA,NA,NA,"72351_5","72342_2",NA,"WHSF0335","2800",NA,"WHSM0244","WHSF0235"
"72668_2","BROWN HOOD","F",NA,NA,NA,"72395_1","72448_1",NA,"WHSF0336","2800",NA,"WHSM0225","WHSF0236"
"72618_2","ALBINO","F",NA,NA,NA,"72387_2","72457_1",NA,"WHSF0337","2800",NA,"WHSM0205","WHSF0237"
"72619_2","BLACK HOOD","F",NA,NA,NA,"72319_1","72454_1",NA,"WHSF0338","2800",NA,"WHSM0213","WHSF0238"
"72620_2","BLACK HOOD","F",NA,NA,NA,"72391_1","72455_1",NA,"WHSF0339","2800",NA,"WHSM0201","WHSF0239"
"72688_2",NA,"F",NA,NA,NA,"72377_1","72446_6",NA,"WHSF0340","2800",NA,"WHSM0209","WHSF0240B"
"72669_2","BLACK","F",NA,NA,NA,"72370_1","72465_1",NA,"WHSF0341","2800",NA,"WHSM0206","WHSF0241"
"72689_2",NA,"F",NA,NA,NA,"72476_1","72447_2",NA,"WHSF0342","2800",NA,"WHSM0245B","WHSF0242B"
"72621_2","BROWN","F",NA,NA,NA,"72402_1","72350_2",NA,"WHSF0343","2800",NA,"WHSM0221","WHSF0243"
"72690_2",NA,"F",NA,NA,NA,"72342_1","72475_1",NA,"WHSF0344","2800",NA,"WHSM0235","WHSF0244B"
"72624_2","BLACK","F",NA,NA,NA,"72447_1","72476_2",NA,"WHSF0345","2800",NA,"WHSM0242","WHSF0245"
"72771_5","ALBINO","M",NA,NA,NA,"72534_5","72525_2",NA,"WHSM0401","2900","LT","WHSM0310","WHSF0301"
"72807_1","BROWN HOOD","M",NA,NA,NA,"72663_1","72526_2",NA,"WHSM0402","2900","RM","WHSM0323","WHSF0302"
"72772_3","BROWN HOOD","M",NA,NA,NA,"72623_1","72527_2",NA,"WHSM0403","2900","LT","WHSM0334","WHSF0303"
"72773_3","ALBINO","M",NA,NA,NA,"72535_1","72632_2",NA,"WHSM0404","2900","LM","WHSM0312","WHSF0304"
"72774_3","BLACK","M",NA,NA,NA,"72593_5","72529_1",NA,"WHSM0405","2900","LT","WHSM0328","WHSF0305"
"72775_3","BROWN","M",NA,NA,NA,"72540_5","72530_2",NA,"WHSM0406","2900","LT","WHSM0317","WHSF0306"
"72776_3","BROWN HOOD","M",NA,NA,NA,"72543_5","72531_1",NA,"WHSM0407","2900","LM","WHSM0320","WHSF0307"
"72777_1","BROWN","M",NA,NA,NA,"72537_5","72532_2",NA,"WHSM0408","2900","LB","WHSM0314","WHSF0308"
"72778_3","BLACK HOOD","M",NA,NA,NA,"72601_3","72533_6",NA,"WHSM0409","2900","LT","WHSM0332","WHSF0309"
"72783_1","ALBINO","M",NA,NA,NA,"72532_1","72534_6",NA,"WHSM0410","2900","LB","WHSM0308","WHSF0310"
"72779_1","BROWN","M",NA,NA,NA,"72526_1","72535_2",NA,"WHSM0412","2900","RB","WHSM0302","WHSF0312"
"72784_1","BROWN HOOD","M",NA,NA,NA,"72544_1","72536_4",NA,"WHSM0413","2900","LC","WHSM0321","WHSF0313"
"72780_1","BLACK","M",NA,NA,NA,"72622_1","72537_6",NA,"WHSM0414","2900","RM","WHSM0325","WHSF0314"
"72785_1","BROWN HOOD","M",NA,NA,NA,"72667_1","72538_4",NA,"WHSM0415","2900","RT","WHSM0333","WHSF0315"
"72794_1","BROWN","M",NA,NA,NA,"72625_1","72539_2",NA,"WHSM0416","2900","LC","WHSM0335","WHSF0316"
"72903_1","BLACK HOOD","M",NA,NA,NA,"72625_1","72539_2",NA,"WHSM0416B","2900","RB","WHSM0335","WHSF0316"
"72905_1","BLACK","M",NA,NA,NA,"72536_3","72540_6",NA,"WHSM0417","2900","LTRT","WHSM0313","WHSF0317"
"73020_1",NA,"M",NA,NA,NA,"72689_1","72541_5",NA,"WHSM0418","2900",NA,"WHSM0342","WHSF0318"
"72787_1","BLACK","M",NA,NA,NA,"72669_1","72542_4",NA,"WHSM0419","2900","RB","WHSM0341","WHSF0319"
"72781_3","BROWN","M",NA,NA,NA,"72533_5","72543_6",NA,"WHSM0420","2900","LM","WHSM0309","WHSF0320"
"72795_1","ALBINO","M",NA,NA,NA,"72597_3","72544_2",NA,"WHSM0421","2900","RT","WHSM0329","WHSF0321"
"72788_3","BLACK","M",NA,NA,NA,"72626_5","72660_2",NA,"WHSM0422","2900","LM","WHSM0326","WHSF0322"
"72789_1","BROWN","M",NA,NA,NA,"72668_1","72663_2",NA,"WHSM0423","2900","RM","WHSM0336","WHSF0323"
"72797_1","BROWN","M",NA,NA,NA,"72595_4","72591_6",NA,"WHSM0424","2900","RT","WHSM0330","WHSF0324"
"72979_1","BLACK","M",NA,NA,NA,"72688_1","72622_2",NA,"WHSM0425","2900","LTRM","WHSM0340","WHSF0325"
"72798_1","BLACK","M",NA,NA,NA,"72660_1","72626_6",NA,"WHSM0426","2900","RC","WHSM0322","WHSF0326"
"72790_1","BLACK HOOD","M",NA,NA,NA,"72620_1","72665_1",NA,"WHSM0427","2900","RT","WHSM0339","WHSF0327"
"72808_1","BLACK","M",NA,NA,NA,"72619_1","72593_6",NA,"WHSM0428","2900","RT","WHSM0338","WHSF0328"
"72809_1","ALBINO","M",NA,NA,NA,"72539_1","72595_5",NA,"WHSM0430","2900","RM","WHSM0316","WHSF0330"
"72799_1","BLACK","M",NA,NA,NA,"72624_1","72596_4",NA,"WHSM0431","2900","LC","WHSM0345","WHSF0331"
"72910_1","BROWN HOOD","M",NA,NA,NA,"72529_2","72601_4",NA,"WHSM0432","2900","RC","WHSM0305","WHSF0332"
"72801_1","ALBINO","M",NA,NA,NA,"72527_1","72667_2",NA,"WHSM0433","2900","LC","WHSM0303","WHSF0333"
"72802_1","BLACK HOOD","M",NA,NA,NA,"72632_1","72623_2",NA,"WHSM0434","2900","LC","WHSM0304","WHSF0334"
"72803_1","BROWN HOOD","M",NA,NA,NA,"72656_1","72625_2",NA,"WHSM0435","2900","RB","WHSM0319","WHSF0335"
"72805_1","BROWN HOOD","M",NA,NA,NA,"72618_1","72668_2",NA,"WHSM0436","2900","RB","WHSM0337","WHSF0336"
"72907_1","ALBINO","M",NA,NA,NA,"72525_1","72618_2",NA,"WHSM0437","2900","RC","WHSM0301","WHSF0337"
"72791_1","BLACK HOOD","M",NA,NA,NA,"72621_1","72619_2",NA,"WHSM0438","2900","LB","WHSM0343","WHSF0338"
"72792_1","BLACK HOOD","M",NA,NA,NA,"72594_5","72620_2",NA,"WHSM0439","2900","RM","WHSM0327","WHSF0339"
"72952_1","BLACK HOOD","M",NA,NA,NA,"72530_1","72688_2",NA,"WHSM0440","2900","RC","WHSM0306","WHSF0340"
"72806_1","ALBINO","M",NA,NA,NA,"72591_5","72669_2",NA,"WHSM0441","2900","RB","WHSM0324","WHSF0341"
"72936_1","BLACK HOOD","M",NA,NA,NA,"72596_3","72689_2",NA,"WHSM0442","2900","LTRT","WHSM0331","WHSF0342"
"72793_3","BROWN HOOD","M",NA,NA,NA,"72538_3","72621_2",NA,"WHSM0443","2900","LB","WHSM0315","WHSF0343"
"72935_1","BROWN","M",NA,NA,NA,"72650_1","72690_2",NA,"WHSM0444","2900","RC","WHSM0318","WHSF0344"
"72782_3","BLACK HOOD","M",NA,NA,NA,"72531_2","72624_2",NA,"WHSM0445","2900","LM","WHSM0307","WHSF0345"
"72301_1","BROWN HOOD","M",NA,NA,NA,"71343_1","71349_2",NA,"WHSM0446","2600","LC",NA,NA
"73309_1","BLACK HOOD","M",NA,NA,NA,"73307_1","73308_1",NA,"WHSM0447","2700","RT",NA,NA
"73311_2","BROWN HOOD","M",NA,NA,NA,"71377_1","72017_2",NA,"WHSM0448","2600","LM",NA,NA
"73317_1","BLACK HOOD","M",NA,NA,NA,"73316_1","73315_1",NA,"WHSM0449","2700","LM",NA,NA
"73325_1","BLACK HOOD","M",NA,NA,NA,"73323_1","73324_1",NA,"WHSM0450","2800","LB",NA,NA
"73332_1","BLACK HOOD","M",NA,NA,NA,"73330_1","73331_1",NA,"WHSM0451","2800","LC",NA,NA
"73340_1","BROWN HOOD","M",NA,NA,NA,"73338_1","73339_1",NA,"WHSM0452","2700","LT",NA,NA
"73345_1","ALBINO","M",NA,NA,NA,"73344_1","73335_2",NA,"WHSM0453","2800","LM",NA,NA
"73352_1","BROWN","M",NA,NA,NA,"73350_1","73351_1",NA,"WHSM0454","2700","LB",NA,NA
"73358_1","ALBINO","M",NA,NA,NA,"73356_1","73357_1",NA,"WHSM0455","2800","LT",NA,NA
"73319_2","BLACK","M",NA,NA,NA,"72289_1","73318_1",NA,"WHSM0456","2700","LT",NA,NA
"73327_2","ALBINO","M",NA,NA,NA,"72290_1","73326_1",NA,"WHSM0457","2700","LM",NA,NA
"73360_2","BLACK","M",NA,NA,NA,"73359_1","73329_2",NA,"WHSM0458","2700","LB",NA,NA
"73337_2","ALBINO","M",NA,NA,NA,"73335_1","73336_1",NA,"WHSM0459","2800","LB",NA,NA
"73312_3","BROWN HOOD","M",NA,NA,NA,"73310_2","73311_1",NA,"WHSM0460","2700","LB",NA,NA
"73347_2","BLACK","M",NA,NA,NA,"73346_1","72292_3",NA,"WHSM0461","2700","LM",NA,NA
"73342_2","BROWN","M",NA,NA,NA,"73306_3","73341_1",NA,"WHSM0462","2700","LM",NA,NA
"73354_2","BROWN","M",NA,NA,NA,"73312_2","73353_1",NA,"WHSM0463","2800","LC",NA,NA
"72292_4","BROWN HOOD","M",NA,NA,NA,"71391_1","71359_2",NA,"WHSM0464","2600","RT",NA,NA
"73306_5","BLACK HOOD","M",NA,NA,NA,"71388_1","71391_2",NA,"WHSM0465","2600","LT",NA,NA
"72866_1","ALBINO","F",NA,NA,NA,"72534_5","72525_2",NA,"WHSF0401","2900","LC","WHSM0310","WHSF0301"
"72807_2","BROWN HOOD","F",NA,NA,NA,"72663_1","72526_2",NA,"WHSF0402","2900","RM","WHSM0323","WHSF0302"
"72772_4","BROWN HOOD","F",NA,NA,NA,"72623_1","72527_2",NA,"WHSF0403","2900","LT","WHSM0334","WHSF0303"
"72773_4","ALBINO","F",NA,NA,NA,"72535_1","72632_2",NA,"WHSF0404","2900","LT","WHSM0312","WHSF0304"
"72871_1","ALBINO","F",NA,NA,NA,"72593_5","72529_1",NA,"WHSF0405","2900","RM","WHSM0328","WHSF0305"
"72775_4","BROWN","F",NA,NA,NA,"72540_5","72530_2",NA,"WHSF0406","2900","LT","WHSM0317","WHSF0306"
"72945_1","BROWN","F",NA,NA,NA,"72543_5","72531_1",NA,"WHSF0407","2900","RC","WHSM0320","WHSF0307"
"72777_2","BLACK","F",NA,NA,NA,"72537_5","72532_2",NA,"WHSF0408","2900","LM","WHSM0314","WHSF0308"
"72778_4","BLACK HOOD","F",NA,NA,NA,"72601_3","72533_6",NA,"WHSF0409","2900","LT","WHSM0332","WHSF0309"
"72783_2","BROWN HOOD","F",NA,NA,NA,"72532_1","72534_6",NA,"WHSF0410","2900","LB","WHSM0308","WHSF0310"
"72779_2","BROWN","F",NA,NA,NA,"72526_1","72535_2",NA,"WHSF0412","2900","RB","WHSM0302","WHSF0312"
"72784_2","BROWN HOOD","F",NA,NA,NA,"72544_1","72536_4",NA,"WHSF0413","2900","RT","WHSM0321","WHSF0313"
"72780_2","BLACK HOOD","F",NA,NA,NA,"72622_1","72537_6",NA,"WHSF0414","2900","RB","WHSM0325","WHSF0314"
"72785_2","BLACK HOOD","F",NA,NA,NA,"72667_1","72538_4",NA,"WHSF0415","2900","RT","WHSM0333","WHSF0315"
"72794_2","BROWN","F",NA,NA,NA,"72625_1","72539_2",NA,"WHSF0416","2900","LB","WHSM0335","WHSF0316"
"72903_2","BROWN","F",NA,NA,NA,"72625_1","72539_2",NA,"WHSF0416B","2900","RC","WHSM0335","WHSF0316"
"72905_2","BROWN HOOD","F",NA,NA,NA,"72536_3","72540_6",NA,"WHSF0417","2900","RC","WHSM0313","WHSF0317"
"73020_2",NA,"F",NA,NA,NA,"72689_1","72541_5",NA,"WHSF0418","2900",NA,"WHSM0342","WHSF0318"
"72787_2","BLACK","F",NA,NA,NA,"72669_1","72542_4",NA,"WHSF0419","2900","RB","WHSM0341","WHSF0319"
"72781_4","BROWN HOOD","F",NA,NA,NA,"72533_5","72543_6",NA,"WHSF0420","2900","LM","WHSM0309","WHSF0320"
"72795_2","BROWN","F",NA,NA,NA,"72597_3","72544_2",NA,"WHSF0421","2900","RT","WHSM0329","WHSF0321"
"72788_4","BLACK","F",NA,NA,NA,"72626_5","72660_2",NA,"WHSF0422","2900","LT","WHSM0326","WHSF0322"
"72789_2","BROWN","F",NA,NA,NA,"72668_1","72663_2",NA,"WHSF0423","2900","RM","WHSM0336","WHSF0323"
"72797_2","BROWN","F",NA,NA,NA,"72595_4","72591_6",NA,"WHSF0424","2900","LC","WHSM0330","WHSF0324"
"72979_2","BROWN","F",NA,NA,NA,"72688_1","72622_2",NA,"WHSF0425","2900","LTRT","WHSM0340","WHSF0325"
"72798_2","BLACK","F",NA,NA,NA,"72660_1","72626_6",NA,"WHSF0426","2900","RC","WHSM0322","WHSF0326"
"72790_2","BLACK HOOD","F",NA,NA,NA,"72620_1","72665_1",NA,"WHSF0427","2900","RM","WHSM0339","WHSF0327"
"72808_2","BLACK","F",NA,NA,NA,"72619_1","72593_6",NA,"WHSF0428","2900","RT","WHSM0338","WHSF0328"
"72809_2","BLACK","F",NA,NA,NA,"72539_1","72595_5",NA,"WHSF0430","2900","RM","WHSM0316","WHSF0330"
"72799_2","BLACK","F",NA,NA,NA,"72624_1","72596_4",NA,"WHSF0431","2900","LC","WHSM0345","WHSF0331"
"72910_2","ALBINO","F",NA,NA,NA,"72529_2","72601_4",NA,"WHSF0432","2900","RB","WHSM0305","WHSF0332"
"72801_2","ALBINO","F",NA,NA,NA,"72527_1","72667_2",NA,"WHSF0433","2900","LB","WHSM0303","WHSF0333"
"72802_2","BLACK HOOD","F",NA,NA,NA,"72632_1","72623_2",NA,"WHSF0434","2900","LC","WHSM0304","WHSF0334"
"72803_2","BROWN HOOD","F",NA,NA,NA,"72656_1","72625_2",NA,"WHSF0435","2900","RM","WHSM0319","WHSF0335"
"72805_2","BROWN HOOD","F",NA,NA,NA,"72618_1","72668_2",NA,"WHSF0436","2900","RB","WHSM0337","WHSF0336"
"72907_2","ALBINO","F",NA,NA,NA,"72525_1","72618_2",NA,"WHSF0437","2900","RC","WHSM0301","WHSF0337"
"72791_2","BLACK HOOD","F",NA,NA,NA,"72621_1","72619_2",NA,"WHSF0438","2900","LB","WHSM0343","WHSF0338"
"72792_2","BLACK HOOD","F",NA,NA,NA,"72594_5","72620_2",NA,"WHSF0439","2900","RC","WHSM0327","WHSF0339"
"72952_2","BLACK HOOD","F",NA,NA,NA,"72530_1","72688_2",NA,"WHSF0440","2900","LTRT","WHSM0306","WHSF0340"
"72806_2","ALBINO","F",NA,NA,NA,"72591_5","72669_2",NA,"WHSF0441","2900","RT","WHSM0324","WHSF0341"
"72936_2","BLACK HOOD","F",NA,NA,NA,"72596_3","72689_2",NA,"WHSF0442","2900","LMRM","WHSM0331","WHSF0342"
"72793_4","ALBINO","F",NA,NA,NA,"72538_3","72621_2",NA,"WHSF0443","2900","LM","WHSM0315","WHSF0343"
"72935_2","BROWN HOOD","F",NA,NA,NA,"72650_1","72690_2",NA,"WHSF0444","2900","LTRT","WHSM0318","WHSF0344"
"72782_4","BLACK HOOD","F",NA,NA,NA,"72531_2","72624_2",NA,"WHSF0445","2900","LM","WHSM0307","WHSF0345"
"73306_1","BLACK","F",NA,NA,NA,"71388_1","71391_2",NA,"WHSF0446","2600","LT",NA,NA
"73312_1","BROWN HOOD","F",NA,NA,NA,"73310_2","73311_1",NA,"WHSF0447","2700","LB",NA,NA
"72292_1","BLACK HOOD","F",NA,NA,NA,"71391_1","71359_2",NA,"WHSF0448","2600","LC",NA,NA
"73319_1","BLACK","F",NA,NA,NA,"72289_1","73318_1",NA,"WHSF0449","2700","LC",NA,NA
"73327_1","BROWN","F",NA,NA,NA,"72290_1","73326_1",NA,"WHSF0450","2700","LT",NA,NA
"73337_1","ALBINO","F",NA,NA,NA,"73335_1","73336_1",NA,"WHSF0451","2800","LB",NA,NA
"73342_1","BLACK","F",NA,NA,NA,"73306_3","73341_1",NA,"WHSF0452","2700","LM",NA,NA
"73347_1","BLACK","F",NA,NA,NA,"73346_1","72292_3",NA,"WHSF0453","2700","RM",NA,NA
"73354_1","BLACK","F",NA,NA,NA,"73312_2","73353_1",NA,"WHSF0454","2800","RT",NA,NA
"73360_1","BROWN","F",NA,NA,NA,"73359_1","73329_2",NA,"WHSF0455","2700","LC",NA,NA
"73317_2","BLACK","F",NA,NA,NA,"73316_1","73315_1",NA,"WHSF0456","2700","LB",NA,NA
"73345_2","ALBINO","F",NA,NA,NA,"73344_1","73335_2",NA,"WHSF0457","2800","LM",NA,NA
"72301_3","BROWN","F",NA,NA,NA,"71343_1","71349_2",NA,"WHSF0458","2600","LB",NA,NA
"73340_2","BROWN HOOD","F",NA,NA,NA,"73338_1","73339_1",NA,"WHSF0459","2700","LT",NA,NA
"73352_2","BROWN","F",NA,NA,NA,"73350_1","73351_1",NA,"WHSF0460","2800","LM",NA,NA
"73309_2","BLACK HOOD","F",NA,NA,NA,"73307_1","73308_1",NA,"WSHF0461","2700","LB",NA,NA
"73325_2","BLACK HOOD","F",NA,NA,NA,"73323_1","73324_1",NA,"WHSF0462","2800","LT",NA,NA
"73358_2","ALBINO","F",NA,NA,NA,"73356_1","73357_1",NA,"WHSF0463","2800","LT",NA,NA
"73332_2","BLACK HOOD","F",NA,NA,NA,"73330_1","73331_1",NA,"WHSF0464","2800","LM",NA,NA
"73311_3","BROWN HOOD","F",NA,NA,NA,"71377_1","72017_2",NA,"WHSF0465","2600","LM",NA,NA
"73169_1","BRN HOOD","M",NA,NA,NA,"72772_3","72866_1",NA,"WHSM0501","3000","RM","WHSM0403","WHSF0401"
"73208_1","BROWN","M",NA,NA,NA,"72935_1","72807_2",NA,"WHSM0502","3000","LB","WHSM0444","WHSF0402"
"73154_1","BRN HOOD","M",NA,NA,NA,"72774_3","72772_4",NA,"WHSM0503","3000","RT","WHSM0405","WHSF0403"
"73192_1","ALBINO","M",NA,NA,NA,"72905_1","72773_4",NA,"WHSM0504","3000","LTRT","WHSM0417","WHSF0404"
"73209_1","BLK HOOD","M",NA,NA,NA,"72952_1","72871_1",NA,"WHSM0505","3000","RM","WHSM0440","WHSF0405"
"73155_1","BROWN","M",NA,NA,NA,"72794_1","72775_4",NA,"WHSM0506","3000","LT","WHSM0416","WHSF0406"
"73171_1","BROWN","M",NA,NA,NA,"72797_1","72945_1",NA,"WHSM0507","3000","RM","WHSM0424","WHSF0407"
"73152_1","BLACK","M",NA,NA,NA,"72808_1","72777_2",NA,"WHSM0508","3000","LT","WHSM0428","WHSF0408"
"73189_1","BLK HOOD","M",NA,NA,NA,"72782_3","72778_4",NA,"WHSM0509","3000","LB","WHSM0445","WHSF0409"
"73190_1","ALBINO","M",NA,NA,NA,"72907_1","72783_2",NA,"WHSM0510","3000","RC","WHSM0437","WHSF0410"
"73165_1","ALBINO","M",NA,NA,NA,"72792_1","72779_2",NA,"WHSM0512","3000","RM","WHSM0439","WHSF0412"
"73191_1","BROWN","M",NA,NA,NA,"72788_3","72784_2",NA,"WHSM0513","3000","LM","WHSM0422","WHSF0413"
"73207_1","ALBINO","M",NA,NA,NA,"72809_1","72780_2",NA,"WHSM0514","3000","LTRB","WHSM0430","WHSF0414"
"73194_1","BLACK","M",NA,NA,NA,"72787_1","72785_2",NA,"WHSM0515","3000","LB","WHSM0419","WHSF0415"
"73156_1","ALBINO","M",NA,NA,NA,"72790_1","72794_2",NA,"WHSM0516","3000","RT","WHSM0427","WHSF0416"
"73170_1","BRN HOOD","M",NA,NA,NA,"72801_1","72905_2",NA,"WHSM0517","3000","LM","WHSM0433","WHSF0417"
"73224_1","BLACK","M",NA,NA,NA,"72789_1","73020_2",NA,"WHSM0518","3000","LC","WHSM0423","WHSF0418"
"73228_1","BROWN","M",NA,NA,NA,"72776_3","72787_2",NA,"WHSM0519","3000","RC","WHSM0407","WHSF0419"
"73188_1","BLACK HOOD","M",NA,NA,NA,"72910_1","72781_4",NA,"WHSM0520","3000","LM","WHSM0432","WHSF0420"
"73203_1","ALBINO","M",NA,NA,NA,"72806_1","72795_2",NA,"WHSM0521","3000","LC","WHSM0441","WHSF0421"
"73151_1","BROWN","M",NA,NA,NA,"72783_1","72788_4",NA,"WHSM0522","3000","RT","WHSM0410","WHSF0422"
"73204_1","BROWN","M",NA,NA,NA,"72799_1","72789_2",NA,"WHSM0523","3000","LC","WHSM0431","WHSF0423"
"73267_1","ALBINO","M",NA,NA,NA,"72795_1","72797_2",NA,"WHSM0524","3000","LTRM","WHSM0421","WHSF0424"
"73206_1","BRN HOOD","M",NA,NA,NA,"72802_1","72979_2",NA,"WHSM0525","3000","LC","WHSM0434","WHSF0425"
"73168_1","BLACK","M",NA,NA,NA,"72791_1","72798_2",NA,"WHSM0526","3000","LM","WHSM0438","WHSF0426"
"73166_1","ALBINO","M",NA,NA,NA,"72805_1","72790_2",NA,"WHSM0527","3000","LT","WHSM0436","WHSF0427"
"73136_1","BLK HOOD","M",NA,NA,NA,"72773_3","72808_2",NA,"WHSM0528","3000","LT","WHSM0404","WHSF0428"
"73232_1","BLACK","M",NA,NA,NA,"72785_1","72809_2",NA,"WHSM0530","3000","RM","WHSM0415","WHSF0430"
"73183_1","BLK HOOD","M",NA,NA,NA,"72903_1","72799_2",NA,"WHSM0531","3000","RT","WHSM0416B","WHSF0431"
"73283_1","BRN HOOD","M",NA,NA,NA,"72807_1","72910_2",NA,"WHSM0532","3000","RC","WHSM0402","WHSF0432"
"73243_3","BROWN","M",NA,NA,NA,"72793_3","72801_2",NA,"WHSM0533","3000","LTRT","WHSM0443","WHSF0433"
"73150_1","BRN HOOD","M",NA,NA,NA,"72784_1","72802_2",NA,"WHSM0534","3000","LT","WHSM0413","WHSF0434"
"73175_1","BRN HOOD","M",NA,NA,NA,"72936_1","72803_2",NA,"WHSM0535","3000","RB","WHSM0442","WHSF0435"
"73229_1","ALBINO","M",NA,NA,NA,"72777_1","72805_2",NA,"WHSM0536","3000","LMRT","WHSM0408","WHSF0436"
"73198_1","BRN HOOD","M",NA,NA,NA,"72979_1","72907_2",NA,"WHSM0537","3000","LB","WHSM0425","WHSF0437"
"73174_1","BLK HOOD","M",NA,NA,NA,"72780_1","72791_2",NA,"WHSM0538","3000","LC","WHSM0414","WHSF0438"
"73205_1","ALBINO","M",NA,NA,NA,"72778_3","72792_2",NA,"WHSM0539","3000","LTRC","WHSM0409","WHSF0439"
"73184_1","BLACK","M",NA,NA,NA,"72798_1","72952_2",NA,"WHSM0540","3000","LB","WHSM0426","WHSF0440"
"73223_1","BROWN","M",NA,NA,NA,"72781_3","72806_2",NA,"WHSM0541","3000","RB","WHSM0420","WHSF0441"
"73167_1","ALBINO","M",NA,NA,NA,"72803_1","72936_2",NA,"WHSM0542","3000","LB","WHSM0435","WHSF0442"
"73182_1","ALBINO","M",NA,NA,NA,"72779_1","72793_4",NA,"WHSM0543","3000","RB","WHSM0412","WHSF0443"
"73195_1","BLACK","M",NA,NA,NA,"72771_5","72935_2",NA,"WHSM0544","3000","RT","WHSM0401","WHSF0444"
"73187_1","ALBINO","M",NA,NA,NA,"72775_3","72782_4",NA,"WHSM0545","3000","LM","WHSM0406","WHSF0445"
"73376_2",NA,"M",NA,NA,NA,"72301_1","73306_1",NA,"WHSM0546","3000",NA,"WHSM0446","WHSF0446"
"73400_2",NA,"M",NA,NA,NA,"73309_1","73312_1",NA,"WHSM0547","3000",NA,"WHSM0447","WHSF0447"
"73377_2",NA,"M",NA,NA,NA,"73311_2","72292_1",NA,"WHSM0548","3000",NA,"WHSM0448","WHSF0448"
"73378_2",NA,"M",NA,NA,NA,"73317_1","73319_1",NA,"WHSM0549","3000",NA,"WHSM0449","WHSF0449"
"73398_2",NA,"M",NA,NA,NA,"73325_1","73327_1",NA,"WHSM0550","3000",NA,"WHSM0450","WHSF0450"
"73425_2",NA,"M",NA,NA,NA,"73332_1","73337_1",NA,"WHSM0551","3000",NA,"WHSM0451","WHSF0451"
"73379_2",NA,"M",NA,NA,NA,"73340_1","73342_1",NA,"WHSM0552","3000",NA,"WHSM0452","WHSF0452"
"73424_2",NA,"M",NA,NA,NA,"73345_1","73347_1",NA,"WHSM0553","3000",NA,"WHSM0453","WHSF0453"
"73435_2",NA,"M",NA,NA,NA,"73352_1","73354_1",NA,"WHSM0554","3000",NA,"WHSM0454","WHSF0454"
"73380_2",NA,"M",NA,NA,NA,"73358_1","73360_1",NA,"WHSM0555","3000",NA,"WHSM0455","WHSF0455"
"73436_2",NA,"M",NA,NA,NA,"73319_2","73317_2",NA,"WHSM0556","3000",NA,"WHSM0456","WHSF0456"
"73437_2",NA,"M",NA,NA,NA,"73327_2","73345_2",NA,"WHSM0557","3000",NA,"WHSM0457","WHSF0457"
"73438_2",NA,"M",NA,NA,NA,"73360_2","72301_3",NA,"WHSM0558","3000",NA,"WHSM0458","WHSF0458"
"73410_2",NA,"M",NA,NA,NA,"73337_2","73340_2",NA,"WHSM0559","3000",NA,"WHSM0459","WHSF0459"
"73439_2",NA,"M",NA,NA,NA,"73312_3","73352_2",NA,"WHSM0560","3000",NA,"WHSM0460","WHSF0460"
"73411_2",NA,"M",NA,NA,NA,"73347_2","73309_2",NA,"WHSM0561","3000",NA,"WHSM0461","WHSF0461"
"73399_2",NA,"M",NA,NA,NA,"73342_2","73325_2",NA,"WHSM0562","3000",NA,"WHSM0462","WHSF0462"
"73412_2",NA,"M",NA,NA,NA,"73354_2","73358_2",NA,"WHSM0563","3000",NA,"WHSM0463","WHSF0463"
"73381_2",NA,"M",NA,NA,NA,"72292_4","73332_2",NA,"WHSM0564","3000",NA,"WHSM0464","WHSF0464"
"73382_1","BLK HOOD","M",NA,NA,NA,"73306_5","73311_3",NA,"WHSM0565","3000","LTRT","WHSM0465","WHSF0465"
"73512_1","ALBINO","M",NA,NA,NA,"72801_1","72905_2",NA,"WHSM0517B","3000","LBRB",NA,NA
"73505_1","BLACK","M",NA,NA,NA,"73347_2","73309_2",NA,"WHSM0561B","3000","RC",NA,NA
"73556_1","BRN HOOD","M",NA,NA,NA,"F","72772_4",NA,"WHSM0503B","3000","LTRC",NA,NA
"73169_2","BLACK","F",NA,NA,NA,"72772_3","72866_1",NA,"WHSF0501","3000","LT","WHSM0403","WHSF0401"
"73208_2","BROWN","F",NA,NA,NA,"72935_1","72807_2",NA,"WHSF0502","3000","LTRT","WHSM0444","WHSF0402"
"73154_2","BROWN","F",NA,NA,NA,"72774_3","72772_4",NA,"WHSF0503","3000","RT","WHSM0405","WHSF0403"
"73192_2","ALBINO","F",NA,NA,NA,"72905_1","72773_4",NA,"WHSF0504","3000","LB","WHSM0417","WHSF0404"
"73209_2","BLK HOOD","F",NA,NA,NA,"72952_1","72871_1",NA,"WHSF0505","3000","RB","WHSM0440","WHSF0405"
"73155_2","BROWN","F",NA,NA,NA,"72794_1","72775_4",NA,"WHSF0506","3000","RM","WHSM0416","WHSF0406"
"73171_2","BROWN","F",NA,NA,NA,"72797_1","72945_1",NA,"WHSF0507","3000","RC","WHSM0424","WHSF0407"
"73152_2","BLK HOOD","F",NA,NA,NA,"72808_1","72777_2",NA,"WHSF0508","3000","LM","WHSM0428","WHSF0408"
"73189_2","BLK HOOD","F",NA,NA,NA,"72782_3","72778_4",NA,"WHSF0509","3000","LB","WHSM0445","WHSF0409"
"73190_2","ALBINO","F",NA,NA,NA,"72907_1","72783_2",NA,"WHSF0510","3000","LM","WHSM0437","WHSF0410"
"73165_2","ALBINO","F",NA,NA,NA,"72792_1","72779_2",NA,"WHSF0512","3000","RB","WHSM0439","WHSF0412"
"73191_2","BROWN","F",NA,NA,NA,"72788_3","72784_2",NA,"WHSF0513","3000","LB","WHSM0422","WHSF0413"
"73207_2","ALBINO","F",NA,NA,NA,"72809_1","72780_2",NA,"WHSF0514","3000","LMRT","WHSM0430","WHSF0414"
"73194_2","BLACK","F",NA,NA,NA,"72787_1","72785_2",NA,"WHSF0515","3000","RM","WHSM0419","WHSF0415"
"73156_2","ALBINO","F",NA,NA,NA,"72790_1","72794_2",NA,"WHSF0516","3000","LT","WHSM0427","WHSF0416"
"73170_2","BROWN","F",NA,NA,NA,"72801_1","72905_2",NA,"WHSF0517","3000","LM","WHSM0433","WHSF0417"
"73224_2","BLACK","F",NA,NA,NA,"72789_1","73020_2",NA,"WHSF0518","3000","RC","WHSM0423","WHSF0418"
"73228_2","BLACK","F",NA,NA,NA,"72776_3","72787_2",NA,"WHSF0519","3000","LTRT","WHSM0407","WHSF0419"
"73188_2","BRN HOOD","F",NA,NA,NA,"72910_1","72781_4",NA,"WHSF0520","3000","RT","WHSM0432","WHSF0420"
"73203_2","ALBINO","F",NA,NA,NA,"72806_1","72795_2",NA,"WHSF0521","3000","LC","WHSM0441","WHSF0421"
"73151_2","BROWN","F",NA,NA,NA,"72783_1","72788_4",NA,"WHSF0522","3000","RB","WHSM0410","WHSF0422"
"73204_2","BRN HOOD","F",NA,NA,NA,"72799_1","72789_2",NA,"WHSF0523","3000","LB","WHSM0431","WHSF0423"
"73267_2","ALBINO","F",NA,NA,NA,"72795_1","72797_2",NA,"WHSF0524","3000","LTRM","WHSM0421","WHSF0424"
"73206_2","BLACK","F",NA,NA,NA,"72802_1","72979_2",NA,"WHSF0525","3000","RB","WHSM0434","WHSF0425"
"73168_2","BLACK","F",NA,NA,NA,"72791_1","72798_2",NA,"WHSF0526","3000","RT","WHSM0438","WHSF0426"
"73166_2","BLK HOOD","F",NA,NA,NA,"72805_1","72790_2",NA,"WHSF0527","3000","LT","WHSM0436","WHSF0427"
"73136_2","BROWN","F",NA,NA,NA,"72773_3","72808_2",NA,"WHSF0528","3000","LT","WHSM0404","WHSF0428"
"73232_2","BLACK","F",NA,NA,NA,"72785_1","72809_2",NA,"WHSF0530","3000","LTRM","WHSM0415","WHSF0430"
"73183_2","BLK HOOD","F",NA,NA,NA,"72903_1","72799_2",NA,"WHSF0531","3000","RT","WHSM0416B","WHSF0431"
"73227_1","BRN HOOD","F",NA,NA,NA,"72807_1","72910_2",NA,"WHSF0532","3000","RM","WHSM0402","WHSF0432"
"73243_4","BROWN","F",NA,NA,NA,"72793_3","72801_2",NA,"WHSF0533","3000","LTRB","WHSM0443","WHSF0433"
"73150_2","BRN HOOD","F",NA,NA,NA,"72784_1","72802_2",NA,"WHSF0534","3000","LT","WHSM0413","WHSF0434"
"73175_2","BRN HOOD","F",NA,NA,NA,"72936_1","72803_2",NA,"WHSF0535","3000","LM","WHSM0442","WHSF0435"
"73229_2","BROWN","F",NA,NA,NA,"72777_1","72805_2",NA,"WHSF0536","3000","LTRM","WHSM0408","WHSF0436"
"73198_2","BROWN","F",NA,NA,NA,"72979_1","72907_2",NA,"WHSF0537","3000","LC","WHSM0425","WHSF0437"
"73174_2","BLACK","F",NA,NA,NA,"72780_1","72791_2",NA,"WHSF0538","3000","LB","WHSM0414","WHSF0438"
"73205_2","ALBINO","F",NA,NA,NA,"72778_3","72792_2",NA,"WHSF0539","3000","LMRM","WHSM0409","WHSF0439"
"73184_2","BLACK","F",NA,NA,NA,"72798_1","72952_2",NA,"WHSF0540","3000","LM","WHSM0426","WHSF0440"
"73223_2","BLK HOOD","F",NA,NA,NA,"72781_3","72806_2",NA,"WHSF0541","3000","LC","WHSM0420","WHSF0441"
"73167_2","ALBINO","F",NA,NA,NA,"72803_1","72936_2",NA,"WHSF0542","3000","RT","WHSM0435","WHSF0442"
"73182_2","ALBINO","F",NA,NA,NA,"72779_1","72793_4",NA,"WHSF0534","3000","RC","WHSM0412","WHSF0443"
"73195_2","ALBINO","F",NA,NA,NA,"72771_5","72935_2",NA,"WHSF0544","3000","LTRT","WHSM0401","WHSF0444"
"73187_2","BLACK","F",NA,NA,NA,"72775_3","72782_4",NA,"WHSF0545","3000","LC","WHSM0406","WHSF0445"
"73376_1",NA,"F",NA,NA,NA,"72301_1","73306_1",NA,"WHSF0546","3000",NA,"WHSM0446","WHSF0446"
"73400_1",NA,"F",NA,NA,NA,"73309_1","73312_1",NA,"WHSF0547","3000",NA,"WHSM0447","WHSF0447"
"73377_1",NA,"F",NA,NA,NA,"73311_2","72292_1",NA,"WHSF0548","3000",NA,"WHSM0448","WHSF0448"
"73378_1",NA,"F",NA,NA,NA,"73317_1","73319_1",NA,"WHSF0549","3000",NA,"WHSM0449","WHSF0449"
"73398_1",NA,"F",NA,NA,NA,"73325_1","73327_1",NA,"WHSF0550","3000",NA,"WHSM0450","WHSF0450"
"73425_1",NA,"F",NA,NA,NA,"73332_1","73337_1",NA,"WHSF0551","3000",NA,"WHSM0451","WHSF0451"
"73379_1",NA,"F",NA,NA,NA,"73340_1","73342_1",NA,"WHSF0552","3000",NA,"WHSM0452","WHSF0452"
"73424_1",NA,"F",NA,NA,NA,"73345_1","73347_1",NA,"WHSF0553","3000",NA,"WHSM0453","WHSF0453"
"73435_1",NA,"F",NA,NA,NA,"73352_1","73354_1",NA,"WHSF0554","3000",NA,"WHSM0454","WHSF0454"
"73380_1",NA,"F",NA,NA,NA,"73358_1","73360_1",NA,"WHSF0555","3000",NA,"WHSM0455","WHSF0455"
"73436_1",NA,"F",NA,NA,NA,"73319_2","73317_2",NA,"WHSF0556","3000",NA,"WHSM0456","WHSF0456"
"73437_1",NA,"F",NA,NA,NA,"73327_2","73345_2",NA,"WHSF0557","3000",NA,"WHSM0457","WHSF0457"
"73438_1",NA,"F",NA,NA,NA,"73360_2","72301_3",NA,"WHSF0558","3000",NA,"WHSM0458","WHSF0458"
"73410_1",NA,"F",NA,NA,NA,"73337_2","73340_2",NA,"WHSF0559","3000",NA,"WHSM0459","WHSF0459"
"73439_1",NA,"F",NA,NA,NA,"73312_3","73352_2",NA,"WHSF0560","3000",NA,"WHSM0460","WHSF0460"
"73411_1",NA,"F",NA,NA,NA,"73347_2","73309_2",NA,"WHSF0561","3000",NA,"WHSM0461","WHSF0461"
"73399_1",NA,"F",NA,NA,NA,"73342_2","73325_2",NA,"WHSF0562","3000",NA,"WHSM0462","WHSF0462"
"73412_1",NA,"F",NA,NA,NA,"73354_2","73358_2",NA,"WHSF0563","3000",NA,"WHSM0463","WHSF0463"
"73381_1",NA,"F",NA,NA,NA,"72292_4","73332_2",NA,"WHSF0564","3000",NA,"WHSM0464","WHSF0464"
"73382_2","BLK HOOD","F",NA,NA,NA,"73306_5","73311_3",NA,"WHSF0565","3000","RC","WHSM0465","WHSF0465"
"73504_4","BRN HOOD","F",NA,NA,NA,"72797_1","72945_1",NA,"WHSF0507B","3000","LTRT",NA,NA
"73511_1","BLACK HOOD","F",NA,NA,NA,"73332_1","73337_1",NA,"WHSF0551B","3000","LTRC",NA,NA
"73546_1","BRN HOOD","F",NA,NA,NA,"72790_1","72794_2",NA,"WHSF0516B","3000","LTRB",NA,NA
"73672_1","BROWN","M",NA,NA,NA,"73398_2","73169_2",NA,"WHSM0601","3100","RB","WHSM0550","WHSF0501"
"73667_1","BRN HOOD","M",NA,NA,NA,"73175_1","73208_2",NA,"WHSM0602","3100","RM","WHSM0535","WHSF0502"
"73743_1","BROWN","M",NA,NA,NA,"73437_2","73154_2",NA,"WHSM0603","3100","LTRM","WHSM0557","WHSF0503"
"73670_1","ALBINO","M",NA,NA,NA,"73167_1","73192_2",NA,"WHSM0604","3100","LT","WHSM0542","WHSF0504"
"73673_1","BLK HOOD","M",NA,NA,NA,"73150_1","73209_2",NA,"WHSM0605","3100","LM","WHSM0534","WHSF0505"
"73704_1","BLACK","M",NA,NA,NA,"73165_1","73155_2",NA,"WHSM0606","3100","RM","WHSM0512","WHSF0506"
"73666_1","ALBINO","M",NA,NA,NA,"73182_1","73171_2",NA,"WHSM0607","3100","RT","WHSM0543","WHSF0507"
"73665_1","BRN HOOD","M",NA,NA,NA,"73203_1","73152_2",NA,"WHSM0608","3100","LT","WHSM0521","WHSF0508"
"73668_1","BLK HOOD","M",NA,NA,NA,"73207_1","73189_2",NA,"WHSM0609","3100","LT","WHSM0514","WHSF0509"
"73768_1","ALBINO","M",NA,NA,NA,"73425_2","73190_2",NA,"WHSM0610","3100","LTRM","WHSM0551","WHSF0510"
"73669_1","BLACK","M",NA,NA,NA,"73168_1","73165_2",NA,"WHSM0612","3100","LT","WHSM0526","WHSF0512"
"73674_1","BROWN","M",NA,NA,NA,"73411_2","73156_2",NA,"WHSM0613","3100","RM","WHSM0523","WHSF0513"
"73675_1","BROWN","M",NA,NA,NA,"73171_1","73207_2",NA,"WHSM0614","3100","RT","WHSM0507","WHSF0514"
"73676_1","BROWN","M",NA,NA,NA,"73380_2","73194_2",NA,"WHSM0615","3100","LT","WHSM0555","WHSF0515"
"73671_1","ALBINO","M",NA,NA,NA,"73411_2","73156_2",NA,"WHSM0616","3100","RM","WHSM0561","WHSF0516"
"73742_1","BRN HOOD","M",NA,NA,NA,"73377_2","73170_2",NA,"WHSM0617","3100","LTRC","WHSM0548","WHSF0517"
"73706_1","BROWN","M",NA,NA,NA,"73223_1","73224_2",NA,"WHSM0618","3100","LB","WHSM0541","WHSF0518"
"73720_1","BROWN","M",NA,NA,NA,"73267_1","73228_2",NA,"WHSM0619","3100","RC","WHSM0524","WHSF0519"
"73689_1","BRN HOOD","M",NA,NA,NA,"73435_2","73188_2",NA,"WHSM0620","3100","LB","WHSM0554","WHSF0520"
"73740_1","BRN HOOD","M",NA,NA,NA,"73136_1","73203_2",NA,"WHSM0621","3100","LMRT","WHSM0528","WHSF0521"
"73687_1","BLACK","M",NA,NA,NA,"73174_1","73151_2",NA,"WHSM0622","3100","LC","WHSM0538","WHSF0522"
"73724_1","BRN HOOD","M",NA,NA,NA,"73191_1","73204_2",NA,"WHSM0623","3100","RB","WHSM0513","WHSF0523"
"73734_2","BLACK","M",NA,NA,NA,"73152_1","73267_2",NA,"WHSM0624","3100","RC","WHSM0508","WHSF0524"
"73691_1","ALBINO","M",NA,NA,NA,"73243_3","73206_2",NA,"WHSM0625","3100","LM","WHSM0533","WHSF0525"
"73692_1","BLACK","M",NA,NA,NA,"73424_2","73168_2",NA,"WHSM0626","3100","LM","WHSM0553","WHSF0526"
"73693_1","BLK HOOD","M",NA,NA,NA,"73381_2","73166_2",NA,"WHSM0627","3100","LB","WHSM0564","WHSF0527"
"73697_1","BROWN","M",NA,NA,NA,"73184_1","73136_2",NA,"WHSM0628","3100","LB","WHSM0540","WHSF0528"
"73701_1","ALBINO","M",NA,NA,NA,"73376_2","73232_2",NA,"WHSM0630","3100","LB","WHSM0546","WHSF0530"
"73784_1","BLACK","M",NA,NA,NA,"73192_1","73183_2",NA,"WHSM0631","3100","LTRC","WHSM0504","WHSF0531"
"73690_1","BRN HOOD","M",NA,NA,NA,"73439_2","73227_1",NA,"WHSM0632","3100","LM","WHSM0560","WHSF0532"
"73722_1","BRN HOOD","M",NA,NA,NA,"73206_1","73243_4",NA,"WHSM0633","3100","RT","WHSM0525","WHSF0533"
"73731_1","BRN HOOD","M",NA,NA,NA,"73183_1","73150_2",NA,"WHSM0634","3100","RC","WHSM0531","WHSF0534"
"73698_1","BLACK","M",NA,NA,NA,"73232_1","73175_2",NA,"WHSM0635","3100","RT","WHSM0530","WHSF0535"
"73705_1","BROWN","M",NA,NA,NA,"73436_2","73229_2",NA,"WHSM0636","3100","LC","WHSM0556","WHSF0536"
"73686_1","BLK HOOD","M",NA,NA,NA,"73382_1","73198_2",NA,"WHSM0637","3100","LC","WHSM0565","WHSF0537"
"73688_1","BLACK","M",NA,NA,NA,"73188_1","73174_2",NA,"WHSM0638","3100","LB","WHSM0520","WHSF0538"
"73878_1","ALBINO","M",NA,NA,NA,"73412_2","73205_2",NA,"WHSM0639","3100","LTRC","WHSM0563","WHSF0539"
"73874_1","BLK HOOD","M",NA,NA,NA,"73190_1","73184_2",NA,"WHSM0640","3100","RC","WHSM0510","WHSF0540"
"73756_1","BLACK","M",NA,NA,NA,"73195_1","73223_2",NA,"WHSM0641","3100","LMRM","WHSM0544","WHSF0541"
"73719_1","BRN HOOD","M",NA,NA,NA,"73154_1","73167_2",NA,"WHSM0642","3100","LC","WHSM0503","WHSF0542"
"73725_1","BRN HOOD","M",NA,NA,NA,"73155_1","73182_2",NA,"WHSM0643","3100","LTRT","WHSM0506","WHSF0543"
"73718_1","ALBINO","M",NA,NA,NA,"73187_1","73195_2",NA,"WHSM0644","3100","LC","WHSM0545","WHSF0544"
"73723_1","BLACK","M",NA,NA,NA,"73379_2","73187_2",NA,"WHSM0645","3100","RB","WHSM0552","WHSF0545"
"73741_1","BLACK","M",NA,NA,NA,"73189_1","73376_1",NA,"WHSM0646","3100","LBRT","WHSM0509","WHSF0546"
"73853_1","BLK HOOD","M",NA,NA,NA,"73410_2","73400_1",NA,"WHSM0647","3100","LBRB","WHSM0559","WHSF0547"
"73735_1","ALBINO","M",NA,NA,NA,"73156_1","73377_1",NA,"WHSM0648","3100","RC","WHSM0516","WHSF0548"
"73699_1","BLK HOOD","M",NA,NA,NA,"73399_2","73378_1",NA,"WHSM0649","3100","RT","WHSM0562","WHSF0549"
"73782_1","BLACK","M",NA,NA,NA,"73151_1","73398_1",NA,"WHSM0650","3100","LTRM","WHSM0522","WHSF0550"
"73785_1","BLACK","M",NA,NA,NA,"73194_1","73425_1",NA,"WHSM0651","3100","LTRT","WHSM0515","WHSF0551"
"73726_1","ALBINO","M",NA,NA,NA,"73438_2","73379_1",NA,"WHSM0652","3100","LBRT","WHSM0527","WHSF0552"
"73747_1","ALBINO","M",NA,NA,NA,"73224_1","73424_1",NA,"WHSM0653","3100","LTRT","WHSM0518","WHSF0553"
"73728_1","BLK HOOD","M",NA,NA,NA,"73283_1","73435_1",NA,"WHSM0654","3100","RM","WHSM0532","WHSF0554"
"73736_1","ALBINO","M",NA,NA,NA,"73209_1","73380_1",NA,"WHSM0655","3100","RB","WHSM0505","WHSF0555"
"73732_1","BROWN","M",NA,NA,NA,"73170_1","73436_1",NA,"WHSM0656","3100","LTRT","WHSM0517","WHSF0556"
"73875_1","BLACK","M",NA,NA,NA,"73378_2","73437_1",NA,"WHSM0657","3100","LMRB","WHSM0549","WHSF0557"
"73770_1","ALBINO","M",NA,NA,NA,"73400_2","73410_1",NA,"WHSM0659","3100","LMRT","WHSM0547","WHSF0559"
"73737_1","BRN HOOD","M",NA,NA,NA,"73205_1","73439_1",NA,"WHSM0660","3100","LMRM","WHSM0539","WHSF0560"
"73727_1","BRN HOOD","M",NA,NA,NA,"73198_1","73411_1",NA,"WHSM0661","3100","LTRB","WHSM0537","WHSF0561"
"73744_1","BLACK","M",NA,NA,NA,"73228_1","73399_1",NA,"WHSM0662","3100","LTRB","WHSM0519","WHSF0562"
"73767_1","BRN HOOD","M",NA,NA,NA,"73169_1","73412_1",NA,"WHSM0663","3100","LMRB","WHSM0501","WHSF0563"
"73733_1","BRN HOOD","M",NA,NA,NA,"73208_1","73381_1",NA,"WHSM0664","3100","LTRM","WHSM0502","WHSF0564"
"73745_1","BLK HOOD","M",NA,NA,NA,"73229_1","73382_2",NA,"WHSM0665","3100","RB","WHSM0536","WHSF0565"
"73783_1","BRN HOOD","M",NA,NA,NA,"73505_1","73504_4",NA,"WHSM0607B","3100","LMRC","WHSM0561B","WHSF0507B"
"73858_1","BRN HOOD","M",NA,NA,NA,"73556_1","73546_1",NA,"WHSM0616B","3100","LCRC","WHSM0503B","WHSF0516B"
"73806_1","ALBINO","M",NA,NA,NA,"73512_1","73511_1",NA,"WHSM0651B","3100","LTRB","WHSM0517B","WHSF0551B"
"73672_2","BRN HOOD","F",NA,NA,NA,"73398_2","73169_2",NA,"WHSF0601","3100","RB","WHSM0550","WHSF0501"
"73667_2","BRN HOOD","F",NA,NA,NA,"73175_1","73208_2",NA,"WHSF0602","3100","LB","WHSM0535","WHSF0502"
"73743_2","ALBINO","F",NA,NA,NA,"73437_2","73154_2",NA,"WHSF0603","3100","LTRB","WHSM0557","WHSF0503"
"73670_2","ALBINO","F",NA,NA,NA,"73167_1","73192_2",NA,"WHSF0604","3100","RM","WHSM0542","WHSF0504"
"73673_2","BLK HOOD","F",NA,NA,NA,"73150_1","73209_2",NA,"WHSF0605","3100","LM","WHSM0534","WHSF0505"
"73704_2","BLACK","F",NA,NA,NA,"73165_1","73155_2",NA,"WHSF0606","3100","RT","WHSM0512","WHSF0506"
"73666_2","ALBINO","F",NA,NA,NA,"73182_1","73171_2",NA,"WHSF0607","3100","RB","WHSM0543","WHSF0507"
"73665_2","BRN HOOD","F",NA,NA,NA,"73203_1","73152_2",NA,"WHSF0608","3100","RM","WHSM0521","WHSF0508"
"73668_2","BRN HOOD","F",NA,NA,NA,"73207_1","73189_2",NA,"WHSF0609","3100","LT","WHSM0514","WHSF0509"
"73768_2","BLK HOD","F",NA,NA,NA,"73425_2","73190_2",NA,"WHSF0610","3100","LTRB","WHSM0551","WHSF0510"
"73669_2","BLACK","F",NA,NA,NA,"73168_1","73165_2",NA,"WHSF0612","3100","RM","WHSM0526","WHSF0512"
"73674_2","BROWN","F",NA,NA,NA,"73411_2","73156_2",NA,"WHSF0613","3100","LT","WHSM0523","WHSF0513"
"73675_2","BLK HOOD","F",NA,NA,NA,"73171_1","73207_2",NA,"WHSF0614","3100","RM","WHSM0507","WHSF0514"
"73676_2","BLACK","F",NA,NA,NA,"73380_2","73194_2",NA,"WHSF0615","3100","LM","WHSM0555","WHSF0515"
"73671_2","ALBINO","F",NA,NA,NA,"73411_2","73156_2",NA,"WHSF0616","3100","LT","WHSM0561","WHSF0516"
"73742_2","BRN HOOD","F",NA,NA,NA,"73377_2","73170_2",NA,"WHSF0617","3100","LMRM","WHSM0548","WHSF0517"
"73706_2","BROWN","F",NA,NA,NA,"73223_1","73224_2",NA,"WHSF0618","3100","LC","WHSM0541","WHSF0518"
"73720_2","LTRB","F",NA,NA,NA,"73267_1","73228_2",NA,"WHSF0619","3100","BLACK","WHSM0524","WHSF0519"
"73689_2","BLACK","F",NA,NA,NA,"73435_2","73188_2",NA,"WHSF0620","3100","LC","WHSM0554","WHSF0520"
"73740_2","ALBINO","F",NA,NA,NA,"73136_1","73203_2",NA,"WHSF0621","3100","LTRC","WHSM0528","WHSF0521"
"73687_2","BRN HOOD","F",NA,NA,NA,"73174_1","73151_2",NA,"WHSF0622","3100","LC","WHSM0538","WHSF0522"
"73724_2","BLACK","F",NA,NA,NA,"73191_1","73204_2",NA,"WHSF0623","3100","LTRT","WHSM0513","WHSF0523"
"73734_3","BLACK","F",NA,NA,NA,"73152_1","73267_2",NA,"WHSF0624","3100","RC","WHSM0508","WHSF0524"
"73691_2","ALBINO","F",NA,NA,NA,"73243_3","73206_2",NA,"WHSF0625","3100","LM","WHSM0533","WHSF0525"
"73692_2","BLACK","F",NA,NA,NA,"73424_2","73168_2",NA,"WHSF0626","3100","LT","WHSM0553","WHSF0526"
"73693_2","BLK HOOD","F",NA,NA,NA,"73381_2","73166_2",NA,"WHSF0627","3100","LT","WHSM0564","WHSF0527"
"73697_2","BROWN","F",NA,NA,NA,"73184_1","73136_2",NA,"WHSF0628","3100","RM","WHSM0540","WHSF0528"
"73701_2","BROWN","F",NA,NA,NA,"73376_2","73232_2",NA,"WHSF0630","3100","LB","WHSM0546","WHSF0530"
"73993_1",NA,"F",NA,NA,NA,"73192_1","73183_2",NA,"WHSF0631","3100",NA,"WHSM0504","WHSF0531"
"73690_2","BRN HOOD","F",NA,NA,NA,"73439_2","73227_1",NA,"WHSF0632","3100","LM","WHSM0560","WHSF0532"
"73804_1","BROWN","F",NA,NA,NA,"73206_1","73243_4",NA,"WHSF0633","3100","RC","WHSM0525","WHSF0533"
"73731_2","BLK HOOD","F",NA,NA,NA,"73183_1","73150_2",NA,"WHSF0634","3100","RT","WHSM0531","WHSF0534"
"73698_2","BROWN","F",NA,NA,NA,"73232_1","73175_2",NA,"WHSF0635","3100","LM","WHSM0530","WHSF0535"
"73705_2","BRN HOOD","F",NA,NA,NA,"73436_2","73229_2",NA,"WHSF0636","3100","RT","WHSM0556","WHSF0536"
"73686_2","BLK HOOD","F",NA,NA,NA,"73382_1","73198_2",NA,"WHSF0637","3100","LB","WHSM0565","WHSF0537"
"73688_2","BLACK","F",NA,NA,NA,"73188_1","73174_2",NA,"WHSF0638","3100","LB","WHSM0520","WHSF0538"
"73878_2","ALBINO","F",NA,NA,NA,"73412_2","73205_2",NA,"WHSF0639","3100","LMRT","WHSM0563","WHSF0539"
"73874_2","BLACK","F",NA,NA,NA,"73190_1","73184_2",NA,"WHSF0640","3100","LMRT","WHSM0510","WHSF0540"
"73756_2","BLK HOOD","F",NA,NA,NA,"73195_1","73223_2",NA,"WHSF0641","3100","LTRM","WHSM0544","WHSF0541"
"73719_2","BRN HOOD","F",NA,NA,NA,"73154_1","73167_2",NA,"WHSF0642","3100","RC","WHSM0503","WHSF0542"
"73725_2","BROWN","F",NA,NA,NA,"73155_1","73182_2",NA,"WHSF0643","3100","LTRT","WHSM0506","WHSF0543"
"73718_2","ALBINO","F",NA,NA,NA,"73187_1","73195_2",NA,"WHSF0644","3100","LB","WHSM0545","WHSF0544"
"73723_2","BLACK","F",NA,NA,NA,"73379_2","73187_2",NA,"WHSF0645","3100","RB","WHSM0552","WHSF0545"
"73741_2","BROWN","F",NA,NA,NA,"73189_1","73376_1",NA,"WHSF0646","3100","RB","WHSM0509","WHSF0546"
"73853_2","BRN HOOD","F",NA,NA,NA,"73410_2","73400_1",NA,"WHSF0647","3100","LBRB","WHSM0559","WHSF0547"
"73735_2","ALBINO","F",NA,NA,NA,"73156_1","73377_1",NA,"WHSF0648","3100","LTRM","WHSM0516","WHSF0548"
"73699_2","BLK HOOD","F",NA,NA,NA,"73399_2","73378_1",NA,"WHSF0649","3100","LC","WHSM0562","WHSF0549"
"73782_2","ALBINO","F",NA,NA,NA,"73151_1","73398_1",NA,"WHSF0650","3100","LBRB","WHSM0522","WHSF0550"
"73785_2","BLACK","F",NA,NA,NA,"73194_1","73425_1",NA,"WHSF0651","3100","LBRB","WHSM0515","WHSF0551"
"73726_2","ALBINO","F",NA,NA,NA,"73438_2","73379_1",NA,"WHSF0652","3100","LC","WHSM0527","WHSF0552"
"73747_2","ALBINO","F",NA,NA,NA,"73224_1","73424_1",NA,"WHSF0653","3100","LMRM","WHSM0518","WHSF0553"
"73728_2","ALBINO","F",NA,NA,NA,"73283_1","73435_1",NA,"WHSF0654","3100","RT","WHSM0532","WHSF0554"
"73736_2","ALBINO","F",NA,NA,NA,"73209_1","73380_1",NA,"WHSF0655","3100","RC","WHSM0505","WHSF0555"
"73732_2","ALBINO","F",NA,NA,NA,"73170_1","73436_1",NA,"WHSF0656","3100","LTRT","WHSM0517","WHSF0556"
"73875_2","ALBINO","F",NA,NA,NA,"73378_2","73437_1",NA,"WHSF0657","3100","LBRM","WHSM0549","WHSF0557"
"73770_2","BLK HOOD","F",NA,NA,NA,"73400_2","73410_1",NA,"WHSF0659","3100","LTRC","WHSM0547","WHSF0559"
"73737_2","BLK HOOD","F",NA,NA,NA,"73205_1","73439_1",NA,"WHSF0660","3100","RB","WHSM0539","WHSF0560"
"73727_2","BLK HOOD","F",NA,NA,NA,"73198_1","73411_1",NA,"WHSF0661","3100","RC","WHSM0537","WHSF0561"
"73744_2","BLK HOOD","F",NA,NA,NA,"73228_1","73399_1",NA,"WHSF0662","3100","LTRT","WHSM0519","WHSF0562"
"73767_2","BRN HOOD","F",NA,NA,NA,"73169_1","73412_1",NA,"WHSF0663","3100","LMRT","WHSM0501","WHSF0563"
"73733_2","BROWN","F",NA,NA,NA,"73208_1","73381_1",NA,"WHSF0664","3100","RT","WHSM0502","WHSF0564"
"73745_2","BRN HOOD","F",NA,NA,NA,"73229_1","73382_2",NA,"WHSF0665","3100","LTRT","WHSM0536","WHSF0565"
"73783_2","BLACK","F",NA,NA,NA,"73505_1","73504_4",NA,"WHSF0607B","3100","LTRM","WHSM0561B","WHSF0507B"
"73858_2","BRN HOOD","F",NA,NA,NA,"73556_1","73546_1",NA,"WHSF0616B","3100","LTRB","WHSM0503B","WHSF0516B"
"73806_2","BRN HOOD","F",NA,NA,NA,"73512_1","73511_1",NA,"WHSF0651B","3100","LTRM","WHSM0517B","WHSF0551B"
"74155_1","BRN HOOD","M",NA,NA,NA,"73697_1","73672_2",NA,"WHSM0701","3200","LT","WHSM0628","WHSF0601"
"74189_1","BRN HOOD","M",NA,NA,NA,"73737_1","73667_2",NA,"WHSM0702","3200","LB","WHSM0660","WHSF0602"
"74166_1","ALBINO","M",NA,NA,NA,"73666_1","73743_2",NA,"WHSM0703","3200","LB","WHSM0607","WHSF0603"
"74202_1","ALBINO","M",NA,NA,NA,"73770_1","73670_2",NA,"WHSM0704","3200","LBRB","WHSM0659","WHSF0604"
"74136_1","BLK HOOD","M",NA,NA,NA,"73722_1","73673_2",NA,"WHSM0705","3200","LM","WHSM0633","WHSF0605"
"74125_1","BLACK","M",NA,NA,NA,"73699_1","73704_2",NA,"WHSM0706","3200","LTRT","WHSM0649","WHSF0606"
"74140_1","ALBINO","M",NA,NA,NA,"73719_1","73666_2",NA,"WHSM0707","3200","LM","WHSM0642","WHSF0607"
"74232_1","ALBINO","M",NA,NA,NA,"73718_1","73665_2",NA,"WHSM0708","3200","LMRT","WHSM0644","WHSF0608"
"74198_1","ALBINO","M",NA,NA,NA,"73768_1","73668_2",NA,"WHSM0709","3200","LBRB","WHSM0610","WHSF0609"
"74195_1","BLK HOOD","M",NA,NA,NA,"73675_1","73768_2",NA,"WHSM0710","3200","LMRB","WHSM0614","WHSF0610"
"74236_1","BLK HOOD","M",NA,NA,NA,"73747_1","73669_2",NA,"WHSM0712","3200","LMRC","WHSM0653","WHSF0612"
"74134_1","BROWN","M",NA,NA,NA,"73688_1","73674_2",NA,"WHSM0713","3200","RB","WHSM0638","WHSF0613"
"74194_1","BRN HOOD","M",NA,NA,NA,"73733_1","73675_2",NA,"WHSM0714","3200","LC","WHSM0664","WHSF0614"
"74200_1","BLACK","M",NA,NA,NA,"73784_1","73676_2",NA,"WHSM0715","3200","LTRB","WHSM0631","WHSF0615"
"74204_1","BROWN","M",NA,NA,NA,"73742_1","73671_2",NA,"WHSM0716","3200","RM","WHSM0617","WHSF0616"
"74135_1","BROWN","M",NA,NA,NA,"73706_1","73742_2",NA,"WHSM0717","3200","LT","WHSM0618","WHSF0617"
"74145_1","BLACK","M",NA,NA,NA,"73668_1","73706_2",NA,"WHSM0718","3200","LC","WHSM0609","WHSF0618"
"74128_1","BLACK","M",NA,NA,NA,"73726_1","73720_2",NA,"WHSM0719","3200","LB","WHSM0652","WHSF0619"
"74111_1","BLACK","M",NA,NA,NA,"73698_1","73689_2",NA,"WHSM0720","3200","LT","WHSM0635","WHSF0620"
"74156_1","BLK HOOD","M",NA,NA,NA,"73767_1","73740_2",NA,"WHSM0721","3200","LC","WHSM0663","WHSF0621"
"74188_1","BLK HOOD","M",NA,NA,NA,"73736_1","73687_2",NA,"WHSM0722","3200","LTRT","WHSM0655","WHSF0622"
"74205_1","BLACK","M",NA,NA,NA,"73785_1","73724_2",NA,"WHSM0723","3200","LMRM","WHSM0651","WHSF0623"
"74122_1","BLACK","M",NA,NA,NA,"73741_1","73734_3",NA,"WHSM0724","3200","RT","WHSM0646","WHSF0624"
"74142_1","ALBINO","M",NA,NA,NA,"73723_1","73691_2",NA,"WHSM0725","3200","RB","WHSM0645","WHSF0625"
"74179_1","BLK HOOD","M",NA,NA,NA,"73728_1","73692_2",NA,"WHSM0726","3200","LTRM","WHSM0654","WHSF0626"
"74191_1","BROWN","M",NA,NA,NA,"73743_1","73693_2",NA,"WHSM0727","3200","RC","WHSM0603","WHSF0627"
"74116_1","BLACK","M",NA,NA,NA,"73701_1","73697_2",NA,"WHSM0728","3200","LM","WHSM0630","WHSF0628"
"74121_1","BROWN","M",NA,NA,NA,"73690_1","73701_2",NA,"WHSM0730","3200","RT","WHSM0632","WHSF0630"
"74339_1",NA,"M",NA,NA,NA,"73671_1","73993_1",NA,"WHSM0731","3200",NA,"WHSM0616","WHSF0631"
"74123_1","ALBINO","M",NA,NA,NA,"73672_1","73690_2",NA,"WHSM0732","3200","RT","WHSM0601","WHSF0632"
"74196_1","ALBINO","M",NA,NA,NA,"73692_1","73804_1",NA,"WHSM0733","3200","RC","WHSM0626","WHSF0633"
"74217_3","BLACK","M",NA,NA,NA,"73744_1","73731_2",NA,"WHSM0734","3200","LTRC","WHSM0662","WHSF0634"
"74115_1","ALBINO","M",NA,NA,NA,"73687_1","73698_2",NA,"WHSM0735","3200","LT","WHSM0622","WHSF0635"
"74143_1","ALBINO","M",NA,NA,NA,"73735_1","73705_2",NA,"WHSM0736","3200","LTRT","WHSM0648","WHSF0636"
"74148_1","BLACK","M",NA,NA,NA,"73732_1","73686_2",NA,"WHSM0737","3200","RM","WHSM0656","WHSF0637"
"74146_1","BROWN","M",NA,NA,NA,"73720_1","73688_2",NA,"WHSM0738","3200","LB","WHSM0619","WHSF0638"
"74193_1","BRN HOOD","M",NA,NA,NA,"73665_1","73878_2",NA,"WHSM0739","3200","LTRM","WHSM0608","WHSF0639"
"74147_1","BLK HOOD","M",NA,NA,NA,"73853_1","73874_2",NA,"WHSM0740","3200","LB","WHSM0647","WHSF0640"
"74133_1","ALBINO","M",NA,NA,NA,"73806_1","73756_2",NA,"WHSM0741","3200","RM","WHSM0651B","WHSF0641"
"74168_1","BROWN","M",NA,NA,NA,"73674_1","73719_2",NA,"WHSM0742","3200","LC","WHSM0613","WHSF0642"
"74197_1","BROWN","M",NA,NA,NA,"73783_1","73725_2",NA,"WHSM0743","3200","LBRB","WHSM0607B","WHSF0643"
"74113_1","BLK HOOD","M",NA,NA,NA,"73745_1","73718_2",NA,"WHSM0744","3200","RB","WHSM0665","WHSF0644"
"74228_1","BLACK","M",NA,NA,NA,"73667_1","73723_2",NA,"WHSM0745","3200","LBRB","WHSM0602","WHSF0645"
"74117_1","BLK HOOD","M",NA,NA,NA,"73725_1","73741_2",NA,"WHSM0746","3200","LT","WHSM0643","WHSF0646"
"74192_1","BRN HOOD","M",NA,NA,NA,"73724_1","73853_2",NA,"WHSM0747","3200","LTRT","WHSM0623","WHSF0647"
"74167_1","BLK HOOD","M",NA,NA,NA,"73673_1","73735_2",NA,"WHSM0748","3200","RT","WHSM0605","WHSF0648"
"74114_1","BLACK HOOD","M",NA,NA,NA,"73693_1","73699_2",NA,"WHSM0749","3200","RM","WHSM0627","WHSF0649"
"74164_1","BRN HOOD","M",NA,NA,NA,"73727_1","73782_2",NA,"WHSM0750","3200","RT","WHSM0661","WHSF0650"
"74207_1","BRN HOOD","M",NA,NA,NA,"73689_1","73785_2",NA,"WHSM0751","3200","LTRB","WHSM0620","WHSF0651"
"74206_1","BLK HOOD","M",NA,NA,NA,"73875_1","73726_2",NA,"WHSM0752","3200","LMRT","WHSM0657","WHSF0652"
"74126_1","BRN HOOD","M",NA,NA,NA,"73740_1","73747_2",NA,"WHSM0753","3200","RM","WHSM0621","WHSF0653"
"74180_1","BLK HOOD","M",NA,NA,NA,"73782_1","73728_2",NA,"WHSM0754","3200","LTRB","WHSM0650","WHSF0654"
"74141_1","BRN HOOD","M",NA,NA,NA,"73705_1","73736_2",NA,"WHSM0755","3200","RC","WHSM0636","WHSF0655"
"74169_1","ALBINO","M",NA,NA,NA,"73686_1","73732_2",NA,"WHSM0756","3200","LC","WHSM0637","WHSF0656"
"74165_1","BRN HOOD","M",NA,NA,NA,"73858_1","73875_2",NA,"WHSM0757","3200","RB","WHSM0616B","WHSF0657"
"74199_1","BLK HOOD","M",NA,NA,NA,"73669_1","73770_2",NA,"WHSM0759","3200","LTRC","WHSM0612","WHSF0659"
"74203_1","BLK HOOD","M",NA,NA,NA,"73874_1","73737_2",NA,"WHSM0760","3200","LMRM","WHSM0640","WHSF0660"
"74177_1","BLACK","M",NA,NA,NA,"73676_1","73727_2",NA,"WHSM0761","3200","RB","WHSM0615","WHSF0661"
"74127_1","BLACK","M",NA,NA,NA,"73734_2","73744_2",NA,"WHSM0762","3200","RC","WHSM0624","WHSF0662"
"74201_1","ALBINO","M",NA,NA,NA,"73691_1","73767_2",NA,"WHSM0763","3200","LMRM","WHSM0625","WHSF0663"
"74112_1","BROWN","M",NA,NA,NA,"73731_1","73733_2",NA,"WHSM0764","3200","LM","WHSM0634","WHSF0664"
"74144_1","BLK HOOD","M",NA,NA,NA,"73704_1","73745_2",NA,"WHSM0765","3200","RC","WHSM0606","WHSF0665"
"74208_1","BLACK","M",NA,NA,NA,"73878_1","73783_2",NA,"WHSM0707B","3200","LTRM","WHSM0639","WHSF0607B"
"74187_1","BRN HOOD","M",NA,NA,NA,"73756_1","73806_2",NA,"WHSM0751B","3200","LM","WHSM0641","WHSF0651B"
"74155_2","BLK HOOD","F",NA,NA,NA,"73697_1","73672_2",NA,"WHSF0701","3200","LTRT","WHSM0628","WHSF0601"
"74189_2","BRN HOOD","F",NA,NA,NA,"73737_1","73667_2",NA,"WHSF0702","3200","LTRT","WHSM0660","WHSF0602"
"74166_2","ALBINO","F",NA,NA,NA,"73666_1","73743_2",NA,"WHSF0703","3200","RT","WHSM0607","WHSF0603"
"74202_2","ALBINO","F",NA,NA,NA,"73770_1","73670_2",NA,"WHSF0704","3200","LMRM","WHSM0659","WHSF0604"
"74136_2","BLK HOOD","F",NA,NA,NA,"73722_1","73673_2",NA,"WHSF0705","3200","LB","WHSM0633","WHSF0605"
"74125_2","BLACK","F",NA,NA,NA,"73699_1","73704_2",NA,"WHSF0706","3200","LT","WHSM0649","WHSF0606"
"74140_2","BROWN","F",NA,NA,NA,"73719_1","73666_2",NA,"WHSF0707","3200","LB","WHSM0642","WHSF0607"
"74232_2","BRN HOOD","F",NA,NA,NA,"73718_1","73665_2",NA,"WHSF0708","3200","LMRC","WHSM0644","WHSF0608"
"74198_2","BRN HOOD","F",NA,NA,NA,"73768_1","73668_2",NA,"WHSF0709","3200","LMRM","WHSM0610","WHSF0609"
"74195_2","BRN HOOD","F",NA,NA,NA,"73675_1","73768_2",NA,"WHSF0710","3200","LTRM","WHSM0614","WHSF0610"
"74236_2","ALBINO","F",NA,NA,NA,"73747_1","73669_2",NA,"WHSF0712","3200","LTRC","WHSM0653","WHSF0612"
"74134_2","BROWN","F",NA,NA,NA,"73688_1","73674_2",NA,"WHSF0713","3200","RT","WHSM0638","WHSF0613"
"74194_2","BLK HOOD","F",NA,NA,NA,"73733_1","73675_2",NA,"WHSF0714","3200","RT","WHSM0664","WHSF0614"
"74200_2","BLACK","F",NA,NA,NA,"73784_1","73676_2",NA,"WHSF0715","3200","RC","WHSM0631","WHSF0615"
"74204_2","BROWN","F",NA,NA,NA,"73742_1","73671_2",NA,"WHSF0716","3200","LTRC","WHSM0617","WHSF0616"
"74135_2","BROWN","F",NA,NA,NA,"73706_1","73742_2",NA,"WHSF0717","3200","RM","WHSM0618","WHSF0617"
"74145_2","BRN HOOD","F",NA,NA,NA,"73668_1","73706_2",NA,"WHSF0718","3200","LM","WHSM0609","WHSF0618"
"74237_1","ALBINO","F",NA,NA,NA,"73726_1","73720_2",NA,"WHSF0719","3200","LTRB","WHSM0652","WHSF0619"
"74111_2","ALBINO","F",NA,NA,NA,"73698_1","73689_2",NA,"WHSF0720","3200","LT","WHSM0635","WHSF0620"
"74156_2","BRN HOOD","F",NA,NA,NA,"73767_1","73740_2",NA,"WHSF0721","3200","RM","WHSM0663","WHSF0621"
"74188_2","BRN HOOD","F",NA,NA,NA,"73736_1","73687_2",NA,"WHSF0722","3200","RC","WHSM0655","WHSF0622"
"74205_2","BLACK","F",NA,NA,NA,"73785_1","73724_2",NA,"WHSF0723","3200","LC","WHSM0651","WHSF0623"
"74122_2","BLACK","F",NA,NA,NA,"73741_1","73734_3",NA,"WHSF0724","3200","RM","WHSM0646","WHSF0624"
"74142_2","ALBINO","F",NA,NA,NA,"73723_1","73691_2",NA,"WHSF0725","3200","LTRT","WHSM0645","WHSF0625"
"74179_2","BLACK","F",NA,NA,NA,"73728_1","73692_2",NA,"WHSF0726","3200","LB","WHSM0654","WHSF0626"
"74191_2","BRN HOOD","F",NA,NA,NA,"73743_1","73693_2",NA,"WHSF0727","3200","LC","WHSM0603","WHSF0627"
"74116_2","LM","F",NA,NA,NA,"73701_1","73697_2",NA,"WHSF0728","3200","BROWN","WHSM0630","WHSF0628"
"74121_2","BLACK","F",NA,NA,NA,"73690_1","73701_2",NA,"WHSF0730","3200","RT","WHSM0632","WHSF0630"
"74339_2",NA,"F",NA,NA,NA,"73671_1","73993_1",NA,"WHSF0731","3200",NA,"WHSM0616","WHSF0631"
"74123_2","ALBINO","F",NA,NA,NA,"73672_1","73690_2",NA,"WHSF0732","3200","LM","WHSM0601","WHSF0632"
"74196_2","ALBINO","F",NA,NA,NA,"73692_1","73804_1",NA,"WHSF0733","3200","RC","WHSM0626","WHSF0633"
"74217_4","BLACK","F",NA,NA,NA,"73744_1","73731_2",NA,"WHSF0734","3200","LTRB","WHSM0662","WHSF0634"
"74115_2","ALBINO","F",NA,NA,NA,"73687_1","73698_2",NA,"WHSF0735","3200","RM","WHSM0622","WHSF0635"
"74143_2","BRN HOOD","F",NA,NA,NA,"73735_1","73705_2",NA,"WHSF0736","3200","RT","WHSM0648","WHSF0636"
"74148_2","BROWN","F",NA,NA,NA,"73732_1","73686_2",NA,"WHSF0737","3200","RB","WHSM0656","WHSF0637"
"74146_2","BLACK","F",NA,NA,NA,"73720_1","73688_2",NA,"WHSF0738","3200","LM","WHSM0619","WHSF0638"
"74193_2","BRN HOOD","F",NA,NA,NA,"73665_1","73878_2",NA,"WHSF0739","3200","LBRB","WHSM0608","WHSF0639"
"74147_2","ALBINO","F",NA,NA,NA,"73853_1","73874_2",NA,"WHSF0740","3200","LC","WHSM0647","WHSF0640"
"74133_2","ALBINO","F",NA,NA,NA,"73806_1","73756_2",NA,"WHSF0741","3200","LB","WHSM0651B","WHSF0641"
"74168_2","BRN HOOD","F",NA,NA,NA,"73674_1","73719_2",NA,"WHSF0742","3200","LB","WHSM0613","WHSF0642"
"74197_2","BROWN","F",NA,NA,NA,"73783_1","73725_2",NA,"WHSF0743","3200","LMRT","WHSM0607B","WHSF0643"
"74113_2","BLK HOOD","F",NA,NA,NA,"73745_1","73718_2",NA,"WHSF0744","3200","LT","WHSM0665","WHSF0644"
"74228_2","BLK HOOD","F",NA,NA,NA,"73667_1","73723_2",NA,"WHSF0745","3200","LBRB","WHSM0602","WHSF0645"
"74117_2","BRN HOOD","F",NA,NA,NA,"73725_1","73741_2",NA,"WHSF0746","3200","LT","WHSM0643","WHSF0646"
"74192_2","BLK HOOD","F",NA,NA,NA,"73724_1","73853_2",NA,"WHSF0747","3200","RM","WHSM0623","WHSF0647"
"74167_2","BLK HOOD","F",NA,NA,NA,"73673_1","73735_2",NA,"WHSF0748","3200","LM","WHSM0605","WHSF0648"
"74114_2","BLACK HOOD","F",NA,NA,NA,"73693_1","73699_2",NA,"WHSF0749","3200","RB","WHSM0627","WHSF0649"
"74164_2","BROWN","F",NA,NA,NA,"73727_1","73782_2",NA,"WHSF0750","3200","LTRM","WHSM0661","WHSF0650"
"74207_2","BLACK","F",NA,NA,NA,"73689_1","73785_2",NA,"WHSF0751","3200","LTRM","WHSM0620","WHSF0651"
"74206_2","BLACK","F",NA,NA,NA,"73875_1","73726_2",NA,"WHSF0752","3200","LTRT","WHSM0657","WHSF0652"
"74126_2","ALBINO","F",NA,NA,NA,"73740_1","73747_2",NA,"WHSF0753","3200","RB","WHSM0621","WHSF0653"
"74180_2","BLACK","F",NA,NA,NA,"73782_1","73728_2",NA,"WHSF0754","3200","LB","WHSM0650","WHSF0654"
"74141_2","BROWN","F",NA,NA,NA,"73705_1","73736_2",NA,"WHSF0755","3200","LTRT","WHSM0636","WHSF0655"
"74169_2","BLK HOOD","F",NA,NA,NA,"73686_1","73732_2",NA,"WHSF0756","3200","LC","WHSM0637","WHSF0656"
"74165_2","BRN HOOD","F",NA,NA,NA,"73858_1","73875_2",NA,"WHSF0757","3200","RB","WHSM0616B","WHSF0657"
"74199_2","BLK HOOD","F",NA,NA,NA,"73669_1","73770_2",NA,"WHSF0759","3200","RC","WHSM0612","WHSF0659"
"74203_2","BLK HOOD","F",NA,NA,NA,"73874_1","73737_2",NA,"WHSF0760","3200","LTRM","WHSM0640","WHSF0660"
"74177_2","BROWN","F",NA,NA,NA,"73676_1","73727_2",NA,"WHSF0761","3200","LC","WHSM0615","WHSF0661"
"74127_2","BLACK","F",NA,NA,NA,"73734_2","73744_2",NA,"WHSF0762","3200","RB","WHSM0624","WHSF0662"
"74201_2","BRN HOOD","F",NA,NA,NA,"73691_1","73767_2",NA,"WHSF0763","3200","LMRB","WHSM0625","WHSF0663"
"74112_2","BROWN","F",NA,NA,NA,"73731_1","73733_2",NA,"WHSF0764","3200","LT","WHSM0634","WHSF0664"
"74144_2","BROWN","F",NA,NA,NA,"73704_1","73745_2",NA,"WHSF0765","3200","RC","WHSM0606","WHSF0665"
"74208_2","ALBINO","F",NA,NA,NA,"73878_1","73783_2",NA,"WHSF0707B","3200","LTRM","WHSM0639","WHSF0607B"
"74187_2","BROWN","F",NA,NA,NA,"73756_1","73806_2",NA,"WHSF0751B","3200","LTRB","WHSM0641","WHSF0651B"
"74564_1","BRN HOOD","M",NA,NA,NA,"74207_1","74155_2",NA,"WHSM0801","3300","RT","WHSM0751","WHSF0701"
"74830_1","BLK HOOD","M",NA,NA,NA,"74207_1","74155_2",NA,"WHSM0801B","3300","LBRT","WHSM0751","WHSF0701"
"74530_1","ALBINO","M",NA,NA,NA,"74140_1","74189_2",NA,"WHSM0802","3300","RC","WHSM0707","WHSF0702"
"74577_1","BROWN","M",NA,NA,NA,"74114_1","74166_2",NA,"WHSM0803","3300","LTRB","WHSM0749","WHSF0703"
"74696_5","BLK HOOD","M",NA,NA,NA,"74114_1","74166_2",NA,"WHSM0803B","3300","LTRB","WHSM0749","WHSF0703"
"74595_1","BLK HOOD","M",NA,NA,NA,"74127_1","74202_2",NA,"WHSM0804","3300","RB","WHSM0762","WHSF0704"
"74576_1","BLACK","M",NA,NA,NA,"74208_1","74136_2",NA,"WHSM0805","3300","RB","WHSM0707B","WHSF0705"
"74563_1","ALBINO","M",NA,NA,NA,"74192_1","74125_2",NA,"WHSM0806","3300","LB","WHSM0747","WHSF0706"
"74814_1","BROWN","M",NA,NA,NA,"74192_1","74125_2",NA,"WHSM0806B","3300","LMRC","WHSM0747","WHSF0706"
"74562_1","BLACK","M",NA,NA,NA,"74204_1","74140_2",NA,"WHSM0807","3300","LB","WHSM0716","WHSF0707"
"74552_1","BROWN","M",NA,NA,NA,"74217_3","74208_2",NA,"WHSM0807B","3300","RC","WHSM0716","WHSF0707"
"74583_2","BROWN","M",NA,NA,NA,"74121_1","74232_2",NA,"WHSM0808","3300","LBRB","WHSM0730","WHSF0708"
"74706_1","BRN HOOD","M",NA,NA,NA,"74121_1","74232_2",NA,"WHSM0808B","3300","LTRC","WHSM0730","WHSF0708"
"74537_1","BRN HOOD","M",NA,NA,NA,"74167_1","74198_2",NA,"WHSM0809","3300","LMRM","WHSM0748","WHSF0709"
"74585_1","BLK HOOD","M",NA,NA,NA,"74228_1","74195_2",NA,"WHSM0810","3300","LC","WHSM0745","WHSF0710"
"74591_1","BLACK","M",NA,NA,NA,"74148_1","74236_2",NA,"WHSM0812","3300","LTRT","WHSM0737","WHSF0712"
"74804_1","BLACK","M",NA,NA,NA,"74148_1","74236_2",NA,"WHSM0812B","3300","LCRB","WHSM0737","WHSF0712"
"74504_1","BLK HOOD","M",NA,NA,NA,"74156_1","74134_2",NA,"WHSM0813","3300","LT","WHSM0721","WHSF0713"
"74761_1","BRN HOOD","M",NA,NA,NA,"74156_1","74134_2",NA,"WHSM0813B","3300","LMRC","WHSM0721","WHSF0713"
"74506_1","BRN HOOD","M",NA,NA,NA,"74193_1","74194_2",NA,"WHSM0814","3300","RM","WHSM0739","WHSF0714"
"74531_1","BROWN","M",NA,NA,NA,"74164_1","74200_2",NA,"WHSM0815","3300","RT","WHSM0750","WHSF0715"
"74543_1","BRN HOOD","M",NA,NA,NA,"74145_1","74204_2",NA,"WHSM0816","3300","RB","WHSM0718","WHSF0716"
"74528_1","BLK HOOD","M",NA,NA,NA,"74117_1","74135_2",NA,"WHSM0817","3300","RM","WHSM0746","WHSF0717"
"74752_1","BLACK","M",NA,NA,NA,"74117_1","74135_2",NA,"WHSM0817B","3300","LBRM","WHSM0746","WHSF0717"
"74512_1","BRN HOOD","M",NA,NA,NA,"74155_1","74145_2",NA,"WHSM0818","3300","LM","WHSM0701","WHSF0718"
"74658_1","BLACK","M",NA,NA,NA,"74339_1","74237_1",NA,"WHSM0819","3300","LTRC","WHSM0731","WHSF0719"
"74503_1","BROWN","M",NA,NA,NA,"74112_1","74111_2",NA,"WHSM0820","3300","LT","WHSM0764","WHSF0720"
"74561_1","BRN HOOD","M",NA,NA,NA,"74198_1","74156_2",NA,"WHSM0821","3300","LC","WHSM0709","WHSF0721"
"74689_1","BRN HOOD","M",NA,NA,NA,"74198_1","74156_2",NA,"WHSM0821B","3300","LTRB","WHSM0709","WHSF0721"
"74551_1","ALBINO","M",NA,NA,NA,"74168_1","74188_2",NA,"WHSM0822","3300","LT","WHSM0742","WHSF0722"
"74575_1","BLK HOOD","M",NA,NA,NA,"74144_1","74205_2",NA,"WHSM0823","3300","LC","WHSM0765","WHSF0723"
"74584_1","ALBINO","M",NA,NA,NA,"74201_1","74122_2",NA,"WHSM0824","3300","LTRM","WHSM0763","WHSF0724"
"74513_1","ALBINO","M",NA,NA,NA,"74143_1","74142_2",NA,"WHSM0825","3300","RB","WHSM0736","WHSF0725"
"74753_1","ALBINO","M",NA,NA,NA,"74143_1","74142_2",NA,"WHSM0825B","3300","LTRC","WHSM0736","WHSF0725"
"74509_1","BLACK","M",NA,NA,NA,"74187_1","74179_2",NA,"WHSM0826","3300","RM","WHSM0751B","WHSF0726"
"74594_1","BROWN","M",NA,NA,NA,"74116_1","74191_2",NA,"WHSM0827","3300","LTRC","WHSM0728","WHSF0727"
"74565_1","ALBINO","M",NA,NA,NA,"74189_1","74116_2",NA,"WHSM0828","3300","LTRT","WHSM0702","WHSF0728"
"74692_1","BROWN","M",NA,NA,NA,"74189_1","74116_2",NA,"WHSM0828B","3300","LMRT","WHSM0702","WHSF0728"
"74609_1","BLACK","M",NA,NA,NA,"74196_1","74121_2",NA,"WHSM0830","3300","LMRM","WHSM0733","WHSF0730"
"74715_1","BLACK","M",NA,NA,NA,"74196_1","74121_2",NA,"WHSM0830B","3300","LBRT","WHSM0733","WHSF0730"
"74862_1","BLK HOOD","M",NA,NA,NA,"74166_1","74339_2",NA,"WHSM0831","3300","LMRM","WHSM0703","WHSF0731"
"74862_3","ALBINO","M",NA,NA,NA,"74166_1","74339_2",NA,"WHSM0831B","3300","LBRT","WHSM0703","WHSF0731"
"74508_1","ALBINO","M",NA,NA,NA,"74115_1","74123_2",NA,"WHSM0832","3300","RM","WHSM0735","WHSF0732"
"74604_9","BLK HOOD","M",NA,NA,NA,"74113_1","74196_2",NA,"WHSM0833","3300","LTRT","WHSM0744","WHSF0733"
"74747_1","BRN HOOD","M",NA,NA,NA,"74113_1","74196_2",NA,"WHSM0833B","3300","LBRT","WHSM0744","WHSF0733"
"74637_1","BLACK","M",NA,NA,NA,"74147_1","74217_4",NA,"WHSM0834","3300","LBRB","WHSM0740","WHSF0734"
"74763_2","BLACK","M",NA,NA,NA,"74147_1","74217_4",NA,"WHSM0834B","3300","LBRT","WHSM0740","WHSF0734"
"74596_1","BLK HOOD","M",NA,NA,NA,"74191_1","74115_2",NA,"WHSM0835","3300","RC","WHSM0727","WHSF0735"
"74538_1","ALBINO","M",NA,NA,NA,"74111_1","74143_2",NA,"WHSM0836","3300","LM","WHSM0720","WHSF0736"
"74559_1","BLACK","M",NA,NA,NA,"74205_1","74148_2",NA,"WHSM0837","3300","RT","WHSM0723","WHSF0737"
"74686_1","BLK HOOD","M",NA,NA,NA,"74205_1","74148_2",NA,"WHSM0837B","3300","LTRM","WHSM0723","WHSF0737"
"74560_1","BLACK","M",NA,NA,NA,"74206_1","74146_2",NA,"WHSM0838","3300","LC","WHSM0752","WHSF0738"
"74687_1","BLACK","M",NA,NA,NA,"74206_1","74146_2",NA,"WHSM0838B","3300","LMRB","WHSM0752","WHSF0738"
"74599_1","BLACK","M",NA,NA,NA,"74128_1","74193_2",NA,"WHSM0839","3300","LTRM","WHSM0719","WHSF0739"
"74701_1","BLACK","M",NA,NA,NA,"74128_1","74193_2",NA,"WHSM0839B","3300","LMRC","WHSM0719","WHSF0739"
"74539_1","BLACK","M",NA,NA,NA,"74122_1","74147_2",NA,"WHSM0840","3300","LM","WHSM0724","WHSF0740"
"74544_1","BRN HOOD","M",NA,NA,NA,"74180_1","74133_2",NA,"WHSM0841","3300","LB","WHSM0754","WHSF0741"
"74540_1","BROWN","M",NA,NA,NA,"74200_1","74168_2",NA,"WHSM0842","3300","RB","WHSM0715","WHSF0742"
"74781_1","BROWN","M",NA,NA,NA,"74200_1","74168_2",NA,"WHSM0842B","3300","LBRM","WHSM0715","WHSF0742"
"74592_1","BLACK","M",NA,NA,NA,"74123_1","74197_2",NA,"WHSM0843","3300","LTRB","WHSM0732","WHSF0743"
"74716_1","ALBINO","M",NA,NA,NA,"74123_1","74197_2",NA,"WHSM0843B","3300","LTRB","WHSM0732","WHSF0743"
"74511_1","BLK HOOD","M",NA,NA,NA,"74136_1","74113_2",NA,"WHSM0844","3300","RT","WHSM0705","WHSF0744"
"74771_1","BLK HOOD","M",NA,NA,NA,"74136_1","74113_2",NA,"WHSM0844B","3300","LMRT","WHSM0705","WHSF0744"
"74535_1","BLK HOOD","M",NA,NA,NA,"74195_1","74228_2",NA,"WHSM0845","3300","LB","WHSM0710","WHSF0745"
"74762_1","ALBINO","M",NA,NA,NA,"74195_1","74228_2",NA,"WHSM0845B","3300","LMRT","WHSM0710","WHSF0745"
"74582_1","BRN HOOD","M",NA,NA,NA,"74202_1","74117_2",NA,"WHSM0846","3300","RC","WHSM0704","WHSF0746"
"74541_1","BLACK","M",NA,NA,NA,"74169_1","74192_2",NA,"WHSM0847","3300","LT","WHSM0756","WHSF0747"
"74770_1","BLACK","M",NA,NA,NA,"74169_1","74192_2",NA,"WHSM0847B","3300","LBRC","WHSM0756","WHSF0747"
"74615_1","BRN HOOD","M",NA,NA,NA,"74194_1","74167_2",NA,"WHSM0848","3300","LMRT","WHSM0714","WHSF0748"
"74598_1","BRN HOOD","M",NA,NA,NA,"74146_1","74114_2",NA,"WHSM0849","3300","LTRM","WHSM0738","WHSF0749"
"74719_1","BRN HOOD","M",NA,NA,NA,"74146_1","74114_2",NA,"WHSM0849B","3300","LMRB","WHSM0738","WHSF0749"
"74566_1","ALBINO","M",NA,NA,NA,"74179_1","74164_2",NA,"WHSM0850","3300","LC","WHSM0726","WHSF0750"
"74709_1","ALBINO","M",NA,NA,NA,"74179_1","74164_2",NA,"WHSM0850B","3300","LMRM","WHSM0726","WHSF0750"
"74574_1","BLACK","M",NA,NA,NA,"74142_1","74207_2",NA,"WHSM0851","3300","RC","WHSM0725","WHSF0751"
"74688_1","BLACK","M",NA,NA,NA,"74142_1","74207_2",NA,"WHSM0851D","3300","LMRT","WHSM0725","WHSF0751"
"74542_1","BROWN","M",NA,NA,NA,"74134_1","74187_2",NA,"WHSM0851B","3300","LC","WHSM0725","WHSF0751"
"74811_1","BROWN","M",NA,NA,NA,"74134_1","74187_2",NA,"WHSM0851C","3300","LBRT","WHSM0725","WHSF0751"
"74568_1","BROWN","M",NA,NA,NA,"74141_1","74206_2",NA,"WHSM0852","3300","LTRM","WHSM0755","WHSF0752"
"74842_1","BRN HOOD","M",NA,NA,NA,"74141_1","74206_2",NA,"WHSM0852B","3300","LBRM","WHSM0755","WHSF0752"
"74597_1","BLK HOOD","M",NA,NA,NA,"74203_1","74126_2",NA,"WHSM0853","3300","LBRB","WHSM0760","WHSF0753"
"74699_1","BLK HOOD","M",NA,NA,NA,"74203_1","74126_2",NA,"WHSM0853B","3300","LCRT","WHSM0760","WHSF0753"
"74638_1","BRN HOOD","M",NA,NA,NA,"74126_1","74180_2",NA,"WHSM0854","3300","LBRB","WHSM0753","WHSF0754"
"74550_1","BROWN","M",NA,NA,NA,"74199_1","74141_2",NA,"WHSM0855","3300","LMRM","WHSM0759","WHSF0755"
"74791_1","BROWN","M",NA,NA,NA,"74199_1","74141_2",NA,"WHSM0855B","3300","LMRB","WHSM0759","WHSF0755"
"74532_1","BROWN","M",NA,NA,NA,"74197_1","74169_2",NA,"WHSM0856","3300","RM","WHSM0743","WHSF0756"
"74505_1","BLK HOOD","M",NA,NA,NA,"74177_1","74165_2",NA,"WHSM0857","3300","LM","WHSM0761","WHSF0757"
"74784_1","BLACK","M",NA,NA,NA,"74177_1","74165_2",NA,"WHSM0857B","3300","LCRT","WHSM0761","WHSF0757"
"74510_1","ALBINO","M",NA,NA,NA,"74188_1","74199_2",NA,"WHSM0859","3300","RT","WHSM0722","WHSF0759"
"74775_1","BLK HOOD","M",NA,NA,NA,"74188_1","74199_2",NA,"WHSM0859B","3300","LMRB","WHSM0722","WHSF0759"
"74534_1","BRN HOOD","M",NA,NA,NA,"74232_1","74203_2",NA,"WHSM0860","3300","LTRT","WHSM0708","WHSF0760"
"74567_1","BROWN","M",NA,NA,NA,"74125_1","74177_2",NA,"WHSM0861","3300","LTRT","WHSM0706","WHSF0761"
"74840_1","BROWN","M",NA,NA,NA,"74125_1","74177_2",NA,"WHSM0861B","3300","LMRC","WHSM0706","WHSF0761"
"74593_1","ALBINO","M",NA,NA,NA,"74236_1","74127_2",NA,"WHSM0862","3300","LBRB","WHSM0712","WHSF0762"
"74536_1","BRN HOOD","M",NA,NA,NA,"74165_1","74201_2",NA,"WHSM0863","3300","LB","WHSM0757","WHSF0763"
"74502_1","BRN HOOD","M",NA,NA,NA,"74135_1","74112_2",NA,"WHSM0864","3300","LT","WHSM0717","WHSF0764"
"74507_1","BROWN","M",NA,NA,NA,"74133_1","74144_2",NA,"WHSM0865","3300","LM","WHSM0741","WHSF0765"
"74564_2","BLK HOOD","F",NA,NA,NA,"74207_1","74155_2",NA,"WHSF0801","3300","LTRM","WHSM0751","WHSF0701"
"74530_2","ALBINO","F",NA,NA,NA,"74140_1","74189_2",NA,"WHSF0802","3300","RT","WHSM0707","WHSF0702"
"74808_1","ALBINO","F",NA,NA,NA,"74140_1","74189_2",NA,"WHSF0802B","3300","LTRC","WHSM0707","WHSF0702"
"74577_2","BLACK","F",NA,NA,NA,"74114_1","74166_2",NA,"WHSF0803","3300","RT","WHSM0749","WHSF0703"
"74595_2","BLACK","F",NA,NA,NA,"74127_1","74202_2",NA,"WHSF0804","3300","LTRT","WHSM0762","WHSF0704"
"74727_1","BLACK","F",NA,NA,NA,"74127_1","74202_2",NA,"WHSF0804B","3300","LMRT","WHSM0762","WHSF0704"
"74576_2","BLACK","F",NA,NA,NA,"74208_1","74136_2",NA,"WHSF0805","3300","LC","WHSM0707B","WHSF0705"
"74721_1","BLACK","F",NA,NA,NA,"74208_1","74136_2",NA,"WHSF0805B","3300","LTRC","WHSM0707B","WHSF0705"
"74563_2","BROWN","F",NA,NA,NA,"74192_1","74125_2",NA,"WHSF0806","3300","RT","WHSM0747","WHSF0706"
"74562_2","BLACK","F",NA,NA,NA,"74204_1","74140_2",NA,"WHSF0807","3300","LM","WHSM0716","WHSF0707"
"74552_2","BLACK","F",NA,NA,NA,"74217_3","74208_2",NA,"WHSF0807B","3300","RT","WHSM0716","WHSF0707"
"74794_1","BROWN","F",NA,NA,NA,"74217_3","74208_2",NA,"WHSF0807C","3300","LMRC","WHSM0716","WHSF0707"
"74813_1","BRN HOOD","F",NA,NA,NA,"74204_1","74140_2",NA,"WHSF0807D","3300","LBRC","WHSM0716","WHSF0707"
"74583_3","BROWN","F",NA,NA,NA,"74121_1","74232_2",NA,"WHSF0808","3300","LTRT","WHSM0730","WHSF0708"
"74537_2","BRN HOOD","F",NA,NA,NA,"74167_1","74198_2",NA,"WHSF0809","3300","LC","WHSM0748","WHSF0709"
"74585_2","BROWN","F",NA,NA,NA,"74228_1","74195_2",NA,"WHSF0810","3300","LTRM","WHSM0745","WHSF0710"
"74703_5","BROWN","F",NA,NA,NA,"74228_1","74195_2",NA,"WHSF0810B","3300","LTRC","WHSM0745","WHSF0710"
"74591_2","BLK HOOD","F",NA,NA,NA,"74148_1","74236_2",NA,"WHSF0812","3300","LTRB","WHSM0737","WHSF0712"
"74504_2","BLK HOOD","F",NA,NA,NA,"74156_1","74134_2",NA,"WHSF0813","3300","LM","WHSM0721","WHSF0713"
"74506_2","BRN HOOD","F",NA,NA,NA,"74193_1","74194_2",NA,"WHSF0814","3300","RT","WHSM0739","WHSF0714"
"74774_1","BRN HOOD","F",NA,NA,NA,"74193_1","74194_2",NA,"WHSF0814B","3300","LMRB","WHSM0739","WHSF0714"
"74531_2","BROWN","F",NA,NA,NA,"74164_1","74200_2",NA,"WHSF0815","3300","LT","WHSM0750","WHSF0715"
"74792_1","BRN HOOD","F",NA,NA,NA,"74164_1","74200_2",NA,"WHSF0815B","3300","LBRM","WHSM0750","WHSF0715"
"74543_2","BLACK","F",NA,NA,NA,"74145_1","74204_2",NA,"WHSF0816","3300","LT","WHSM0718","WHSF0716"
"74780_1","BROWN","F",NA,NA,NA,"74145_1","74204_2",NA,"WHSF0816B","3300","LMRB","WHSM0718","WHSF0716"
"74528_2","BRN HOOD","F",NA,NA,NA,"74117_1","74135_2",NA,"WHSF0817","3300","RM","WHSM0746","WHSF0717"
"74512_2","BRN HOOD","F",NA,NA,NA,"74155_1","74145_2",NA,"WHSF0818","3300","RB","WHSM0701","WHSF0718"
"74782_1","ALBINO","F",NA,NA,NA,"74155_1","74145_2",NA,"WHSF0818B","3300","LMRB","WHSM0701","WHSF0718"
"74658_2","BLACK","F",NA,NA,NA,"74339_1","74237_1",NA,"WHSF0819","3300","LMRB","WHSM0731","WHSF0719"
"74503_2","BROWN","F",NA,NA,NA,"74112_1","74111_2",NA,"WHSF0820","3300","RB","WHSM0764","WHSF0720"
"74746_1","BRN HOOD","F",NA,NA,NA,"74112_1","74111_2",NA,"WHSF0820B","3300","LMRM","WHSM0764","WHSF0720"
"74561_2","BRN HOOD","F",NA,NA,NA,"74198_1","74156_2",NA,"WHSF0821","3300","RC","WHSM0709","WHSF0721"
"74689_2","BRN HOOD","F",NA,NA,NA,"74198_1","74156_2",NA,"WHSF0821B","3300","LMRT","WHSM0709","WHSF0721"
"74551_2","BLK HOOD","F",NA,NA,NA,"74168_1","74188_2",NA,"WHSF0822","3300","LTRT","WHSM0742","WHSF0722"
"74810_1","BROWN","F",NA,NA,NA,"74168_1","74188_2",NA,"WHSF0822B","3300","LBRB","WHSM0742","WHSF0722"
"74575_2","ALBINO","F",NA,NA,NA,"74144_1","74205_2",NA,"WHSF0823","3300","LC","WHSM0765","WHSF0723"
"74708_1","ALBINO","F",NA,NA,NA,"74144_1","74205_2",NA,"WHSF0823B","3300","LMRT","WHSM0765","WHSF0723"
"74584_2","ALBINO","F",NA,NA,NA,"74201_1","74122_2",NA,"WHSF0824","3300","LBRB","WHSM0763","WHSF0724"
"74807_1","ALBINO","F",NA,NA,NA,"74201_1","74122_2",NA,"WHSF0824B","3300","LBRM","WHSM0763","WHSF0724"
"74513_2","ALBINO","F",NA,NA,NA,"74143_1","74142_2",NA,"WHSF0825","3300","LM","WHSM0736","WHSF0725"
"74509_2","BLK HOOD","F",NA,NA,NA,"74187_1","74179_2",NA,"WHSF0826","3300","LT","WHSM0751B","WHSF0726"
"74728_1","BROWN","F",NA,NA,NA,"74187_1","74179_2",NA,"WHSF0826B","3300","LMRT","WHSM0751B","WHSF0726"
"74594_2","BLK HOOD","F",NA,NA,NA,"74116_1","74191_2",NA,"WHSF0827","3300","LMRM","WHSM0728","WHSF0727"
"74697_1","BRN HOOD","F",NA,NA,NA,"74116_1","74191_2",NA,"WHSF0827B","3300","LBRB","WHSM0728","WHSF0727"
"74565_2","ALBINO","F",NA,NA,NA,"74189_1","74116_2",NA,"WHSF0828","3300","RB","WHSM0702","WHSF0728"
"74692_2","BROWN","F",NA,NA,NA,"74189_1","74116_2",NA,"WHSF0828B","3300","LTRB","WHSM0702","WHSF0728"
"74609_2","BLACK","F",NA,NA,NA,"74196_1","74121_2",NA,"WHSF0830","3300","LMRM","WHSM0733","WHSF0730"
"74862_2","BRN HOOD","F",NA,NA,NA,"74166_1","74339_2",NA,"WHSF0831","3300","LBRT","WHSM0703","WHSF0731"
"74508_2","ALBINO","F",NA,NA,NA,"74115_1","74123_2",NA,"WHSF0832","3300","LT","WHSM0735","WHSF0732"
"74748_1","ALBINO","F",NA,NA,NA,"74115_1","74123_2",NA,"WHSF0832B","3300","LTRB","WHSM0735","WHSF0732"
"746041_0","BRN HOOD","F",NA,NA,NA,"74113_1","74196_2",NA,"WHSF0833","3300","LTRB","WHSM0744","WHSF0733"
"74763_1","BLACK","F",NA,NA,NA,"74147_1","74217_4",NA,"WHSF0834","3300","LBRT","WHSM0740","WHSF0734"
"74596_2","ALBINO","F",NA,NA,NA,"74191_1","74115_2",NA,"WHSF0835","3300","LMRM","WHSM0727","WHSF0735"
"74720_1","ALBINO","F",NA,NA,NA,"74191_1","74115_2",NA,"WHSF0835B","3300","LTRM","WHSM0727","WHSF0735"
"74538_2","ALBINO","F",NA,NA,NA,"74111_1","74143_2",NA,"WHSF0836","3300","RM","WHSM0720","WHSF0736"
"74831_1","ALBINO","F",NA,NA,NA,"74111_1","74143_2",NA,"WHSF0836B","3300","LMRC","WHSM0720","WHSF0736"
"74559_2","BLACK","F",NA,NA,NA,"74205_1","74148_2",NA,"WHSF0837","3300","LB","WHSM0723","WHSF0737"
"74686_2","BLACK","F",NA,NA,NA,"74205_1","74148_2",NA,"WHSF0837B","3300","LTRM","WHSM0723","WHSF0737"
"74560_2","BLACK","F",NA,NA,NA,"74206_1","74146_2",NA,"WHSF0838","3300","RC","WHSM0752","WHSF0738"
"74687_2","BLACK","F",NA,NA,NA,"74206_1","74146_2",NA,"WHSF0838B","3300","LTRB","WHSM0752","WHSF0738"
"74599_2","BLACK","F",NA,NA,NA,"74128_1","74193_2",NA,"WHSF0839","3300","LMRC","WHSM0719","WHSF0739"
"74539_2","BLACK","F",NA,NA,NA,"74122_1","74147_2",NA,"WHSF0840","3300","RB","WHSM0724","WHSF0740"
"74544_2","BLK HOOD","F",NA,NA,NA,"74180_1","74133_2",NA,"WHSF0841","3300","LC","WHSM0754","WHSF0741"
"74760_1","ALBINO","F",NA,NA,NA,"74180_1","74133_2",NA,"WHSF0841B","3300","LTRC","WHSM0754","WHSF0741"
"74540_2","BROWN","F",NA,NA,NA,"74200_1","74168_2",NA,"WHSF0842","3300","LT","WHSM0715","WHSF0742"
"74592_2","ALBINO","F",NA,NA,NA,"74123_1","74197_2",NA,"WHSF0843","3300","LTRT","WHSM0732","WHSF0743"
"74511_2","BLK HOOD","F",NA,NA,NA,"74136_1","74113_2",NA,"WHSF0844","3300","RT","WHSM0705","WHSF0744"
"74535_2","BLK HOOD","F",NA,NA,NA,"74195_1","74228_2",NA,"WHSF0845","3300","RB","WHSM0710","WHSF0745"
"74582_2","ALBINO","F",NA,NA,NA,"74202_1","74117_2",NA,"WHSF0846","3300","RC","WHSM0704","WHSF0746"
"74718_1","BLK HOOD","F",NA,NA,NA,"74202_1","74117_2",NA,"WHSF0846B","3300","LTRC","WHSM0704","WHSF0746"
"74541_2","BLK HOOD","F",NA,NA,NA,"74169_1","74192_2",NA,"WHSF0847","3300","LB","WHSM0756","WHSF0747"
"74615_2","BRN HOOD","F",NA,NA,NA,"74194_1","74167_2",NA,"WHSF0848","3300","LTRC","WHSM0714","WHSF0748"
"74783_1","BLK HOOD","F",NA,NA,NA,"74194_1","74167_2",NA,"WHSF0848B","3300","LMRC","WHSM0714","WHSF0748"
"74598_2","BLK HOOD","F",NA,NA,NA,"74146_1","74114_2",NA,"WHSF0849","3300","LMRT","WHSM0738","WHSF0749"
"74566_2","ALBINO","F",NA,NA,NA,"74179_1","74164_2",NA,"WHSF0850","3300","LB","WHSM0726","WHSF0750"
"74574_2","BRN HOOD","F",NA,NA,NA,"74142_1","74207_2",NA,"WHSF0851","3300","LTRM","WHSM0725","WHSF0751"
"74542_2","BROWN","F",NA,NA,NA,"74134_1","74187_2",NA,"WHSF0851B","3300","RC","WHSM0725","WHSF0751"
"74568_2","BRN HOOD","F",NA,NA,NA,"74141_1","74206_2",NA,"WHSF0852","3300","LTRT","WHSM0755","WHSF0752"
"74597_2","BLK HOOD","F",NA,NA,NA,"74203_1","74126_2",NA,"WHSF0853","3300","LBRB","WHSM0760","WHSF0753"
"74638_2","BLACK","F",NA,NA,NA,"74126_1","74180_2",NA,"WHSF0854","3300","LBRC","WHSM0753","WHSF0754"
"74773_1","BLACK","F",NA,NA,NA,"74126_1","74180_2",NA,"WHSF0854B","3300","LBRM","WHSM0753","WHSF0754"
"74550_2","BROWN","F",NA,NA,NA,"74199_1","74141_2",NA,"WHSF0855","3300","LB","WHSM0759","WHSF0755"
"74532_2","BROWN","F",NA,NA,NA,"74197_1","74169_2",NA,"WHSF0856","3300","LM","WHSM0743","WHSF0756"
"74505_2","BRN HOOD","F",NA,NA,NA,"74177_1","74165_2",NA,"WHSF0857","3300","LT","WHSM0761","WHSF0757"
"74510_2","BLK HOOD","F",NA,NA,NA,"74188_1","74199_2",NA,"WHSF0859","3300","RM","WHSM0722","WHSF0759"
"74534_2","BLK HOOD","F",NA,NA,NA,"74232_1","74203_2",NA,"WHSF0860","3300","RC","WHSM0708","WHSF0760"
"74793_1","BRN HOOD","F",NA,NA,NA,"74232_1","74203_2",NA,"WHSF0860B","3300","LMRC","WHSM0708","WHSF0760"
"74567_2","BROWN","F",NA,NA,NA,"74125_1","74177_2",NA,"WHSF0861","3300","LC","WHSM0706","WHSF0761"
"74593_2","BLACK","F",NA,NA,NA,"74236_1","74127_2",NA,"WHSF0862","3300","LBRB","WHSM0712","WHSF0762"
"74850_1","BLACK","F",NA,NA,NA,"74236_1","74127_2",NA,"WHSF0862B","3300","LCRT","WHSM0712","WHSF0762"
"74536_2","BRN HOOD","F",NA,NA,NA,"74165_1","74201_2",NA,"WHSF0863","3300","LB","WHSM0757","WHSF0763"
"74795_1","BLK HOOD","F",NA,NA,NA,"74165_1","74201_2",NA,"WHSF0863B","3300","LBRT","WHSM0757","WHSF0763"
"74502_2","BROWN","F",NA,NA,NA,"74135_1","74112_2",NA,"WHSF0864","3300","RM","WHSM0717","WHSF0764"
"74745_1","BROWN","F",NA,NA,NA,"74135_1","74112_2",NA,"WHSF0864B","3300","LMRM","WHSM0717","WHSF0764"
"74507_2","BRN HOOD","F",NA,NA,NA,"74133_1","74144_2",NA,"WHSF0865","3300","LM","WHSM0741","WHSF0765"
"74764_1","BLK HOOD","F",NA,NA,NA,"74133_1","74144_2",NA,"WHSF0865B","3300","LMRB","WHSM0741","WHSF0765"
"75085_1","BRN HOOD","M",NA,NA,NA,"74543_1","74564_2",NA,"WHSM0901","3400","RB","WHSM0816","WHSF0801"
"75070_1","BRN HOOD","M",NA,NA,NA,"74568_1","74530_2",NA,"WHSM0902","3400","LT","WHSM0852","WHSF0802"
"75098_1","ALBINO","M",NA,NA,NA,"74534_1","74577_2",NA,"WHSM0903","3400","RB","WHSM0860","WHSF0803"
"75067_1","ALBINO","M",NA,NA,NA,"74591_1","74595_2",NA,"WHSM0904","3400","LM","WHSM0812","WHSF0804"
"75071_1","BLACK","M",NA,NA,NA,"74575_1","74576_2",NA,"WHSM0905","3400","LMRM","WHSM0823","WHSF0805"
"75197_1","BRN HOOD","M",NA,NA,NA,"74584_1","74563_2",NA,"WHSM0906","3400","RT","WHSM0824","WHSF0806"
"75110_1","BROWN","M",NA,NA,NA,"74512_1","74562_2",NA,"WHSM0907","3400","LM","WHSM0818","WHSF0807"
"75127_1","BRN HOOD","M",NA,NA,NA,"74505_1","74583_3",NA,"WHSM0908","3400","LTRT","WHSM0857","WHSF0808"
"75136_1","BLACK","M",NA,NA,NA,"74593_1","74537_2",NA,"WHSM0909","3400","LC","WHSM0862","WHSF0809"
"75130_1","BROWN","M",NA,NA,NA,"74504_1","74585_2",NA,"WHSM0910","3400","RB","WHSM0813","WHSF0810"
"75065_1","BRN HOOD","M",NA,NA,NA,"74598_1","74591_2",NA,"WHSM0912","3400","LM","WHSM0849","WHSF0812"
"75079_1","BRN HOOD","M",NA,NA,NA,"74530_1","74504_2",NA,"WHSM0913","3400","LTRM","WHSM0802","WHSF0813"
"75076_1","BLACK","M",NA,NA,NA,"74541_1","74506_2",NA,"WHSM0914","3400","LB","WHSM0847","WHSF0814"
"75068_1","BRN HOOD","M",NA,NA,NA,"74528_1","74531_2",NA,"WHSM0915","3400","RM","WHSM0817","WHSF0815"
"75077_1","BROWN","M",NA,NA,NA,"74564_1","74543_2",NA,"WHSM0916","3400","LT","WHSM0801","WHSF0816"
"75190_1","BLK HOOD","M",NA,NA,NA,"74763_2","74528_2",NA,"WHSM0917","3400","LMRB","WHSM0834B","WHSF0817"
"75297_1","BROWN","M",NA,NA,NA,"74840_1","74512_2",NA,"WHSM0918","3400","LCRM","WHSM0861B","WHSF0818"
"75141_1","BROWN","M",NA,NA,NA,"74544_1","74658_2",NA,"WHSM0919","3400","LC","WHSM0841","WHSF0819"
"75393_1","BROWN","M",NA,NA,NA,"74550_1","74503_2",NA,"WHSM0920","3400","LB","WHSM0855","WHSF0820"
"75113_1","BLK HOOD","M",NA,NA,NA,"74604_9","74561_2",NA,"WHSM0921","3400","RB","WHSM0833","WHSF0821"
"75072_1","BLK HOOD","M",NA,NA,NA,"74574_1","74551_2",NA,"WHSM0922","3400","LM","WHSM0851","WHSF0822"
"75078_1","BLK HOOD","M",NA,NA,NA,"74595_1","74575_2",NA,"WHSM0923","3400","LT","WHSM0804","WHSF0823"
"75134_1","ALBINO","M",NA,NA,NA,"74537_1","74584_2",NA,"WHSM0924","3400","LTRT","WHSM0809","WHSF0824"
"75147_1","BLK HOOD","M",NA,NA,NA,"74638_1","74513_2",NA,"WHSM0925","3400","LTRM","WHSM0854","WHSF0825"
"75137_1","BROWN","M",NA,NA,NA,"74567_1","74509_2",NA,"WHSM0926","3400","LTRT","WHSM0861","WHSF0826"
"75095_1","BLACK HOOD","M",NA,NA,NA,"74535_1","74594_2",NA,"WHSM0927","3400","RM","WHSM0845","WHSF0827"
"75143_1","BRN HOOD","M",NA,NA,NA,"74719_1","74565_2",NA,"WHSM0928","3400","LMRT","WHSM0849B","WHSF0828"
"75126_1","BLACK","M",NA,NA,NA,"74507_1","74609_2",NA,"WHSM0930","3400","RT","WHSM0865","WHSF0830"
"75170_1","ALBINO","M",NA,NA,NA,"74511_1","74862_2",NA,"WHSM0931","3400","RC","WHSM0844","WHSF0831"
"75337_1","BROWN","M",NA,NA,NA,"74752_1","74508_2",NA,"WHSM0932","3400","LCRC","WHSM0817B","WHSF0832"
"75081_1","BLK HOOD","M",NA,NA,NA,"74637_1","746041_0",NA,"WHSM0933","3400","LB","WHSM0834","WHSF0833"
"75185_1","BLACK","M",NA,NA,NA,"74542_1","74763_1",NA,"WHSM0934","3400","LBRB","WHSM0851B","WHSF0834"
"75157_1","BRN HOOD","M",NA,NA,NA,"74761_1","74596_2",NA,"WHSM0935","3400","LMRM","WHSM0813B","WHSF0835"
"75097_1","ALBINO","M",NA,NA,NA,"74510_1","74538_2",NA,"WHSM0936","3400","RT","WHSM0859","WHSF0836"
"75281_1","BLACK","M",NA,NA,NA,"74592_1","74559_2",NA,"WHSM0937","3400","LMRB","WHSM0843","WHSF0837"
"75142_1","BLK HOOD","M",NA,NA,NA,"74699_1","74560_2",NA,"WHSM0938","3400","RC","WHSM0853B","WHSF0838"
"75217_1","ALBINO","M",NA,NA,NA,"74566_1","74599_2",NA,"WHSM0939","3400","LMRB","WHSM0850","WHSF0839"
"75066_1","BLACK","M",NA,NA,NA,"74536_1","74539_2",NA,"WHSM0940","3400","RM","WHSM0863","WHSF0840"
"75086_1","ALBINO","M",NA,NA,NA,"74513_1","74544_2",NA,"WHSM0941","3400","LT","WHSM0825","WHSF0841"
"75191_1","ALBINO","M",NA,NA,NA,"74862_1","74540_2",NA,"WHSM0942","3400","LTRM","WHSM0831","WHSF0842"
"75183_1","ALBINO","M",NA,NA,NA,"74597_1","74592_2",NA,"WHSM0943","3400","LTRB","WHSM0853","WHSF0843"
"75114_1","ALBINO","M",NA,NA,NA,"74539_1","74511_2",NA,"WHSM0944","3400","LC","WHSM0840","WHSF0844"
"75138_1","ALBINO","M",NA,NA,NA,"74716_1","74535_2",NA,"WHSM0945","3400","LCRM","WHSM0843B","WHSF0845"
"75261_1","BLACK HOOD","M",NA,NA,NA,"74615_1","74582_2",NA,"WHSM0946","3400","LBRM","WHSM0848","WHSF0846"
"75206_1","BRN HOOD","M",NA,NA,NA,"74842_1","74541_2",NA,"WHSM0947","3400","LBRB","WHSM0852B","WHSF0847"
"75111_1","BLACK","M",NA,NA,NA,"74688_1","74615_2",NA,"WHSM0948","3400","LM","WHSM0851D","WHSF0848"
"75080_1","BRN HOOD","M",NA,NA,NA,"74565_1","74598_2",NA,"WSHM0949","3400","LB","WHSM0828","WHSF0849"
"75069_1","BLACK","M",NA,NA,NA,"74599_1","74566_2",NA,"WHSM0950","3400","RB","WHSM0839","WHSF0850"
"75091_1","BRN HOOD","M",NA,NA,NA,"74531_1","74574_2",NA,"WHSM0951","3400","LMRB","WHSM0815","WHSF0851"
"75140_1","BROWN","M",NA,NA,NA,"74770_1","74568_2",NA,"WHSM0952","3400","LTRB","WHSM0847B","WHSF0852"
"75128_1","BRN HOOD","M",NA,NA,NA,"74540_1","74597_2",NA,"WHSM0953","3400","LTRB","WHSM0842","WHSF0853"
"75133_1","BLACK","M",NA,NA,NA,"74687_1","74638_2",NA,"WHSM0954","3400","LTRT","WHSM0838B","WHSF0854"
"75156_1","BROWN","M",NA,NA,NA,"74709_1","74550_2",NA,"WHSM0955","3400","LTRC","WHSM0850B","WHSF0855"
"75092_1","BLK HOOD","M",NA,NA,NA,"74508_1","74532_2",NA,"WHSM0956","3400","RT","WHSM0832","WHSF0856"
"75132_1","BROWN","M",NA,NA,NA,"74563_1","74505_2",NA,"WHSM0957","3400","LTRM","WHSM0806","WHSF0857"
"75235_1","BRN HOOD","M",NA,NA,NA,"74706_1","74510_2",NA,"WHSM0959","3400","LCRM","WHSM0808B","WHSF0859"
"75169_1","BLK HOOD","M",NA,NA,NA,"74775_1","74534_2",NA,"WHSM0960","3400","LMRT","WHSM0859B","WHSF0860"
"75164_1","BLACK","M",NA,NA,NA,"74771_1","74567_2",NA,"WHSM0961","3400","LTRM","WHSM0844B","WHSF0861"
"75074_1","BROWN","M",NA,NA,NA,"74577_1","74593_2",NA,"WHSM0962","3400","RM","WHSM0803","WHSF0862"
"75129_1","BRN HOOD","M",NA,NA,NA,"74583_2","74536_2",NA,"WHSM0963","3400","RC","WHSM0808","WHSF0863"
"75122_5","BROWN","M",NA,NA,NA,"74560_1","74502_2",NA,"WHSM0964","3400","RB","WHSM0838","WHSF0864"
"75159_1","BRN HOOD","M",NA,NA,NA,"74692_1","74507_2",NA,"WHSM0965","3400","LTRC","WHSM0828B","WHSF0865"
"75207_1","BROWN","M",NA,NA,NA,"74811_1","74808_1",NA,"WHSM0902B","3400","LCRT","WHSM0851C","WHSF0802B"
"75236_1","BROWN","M",NA,NA,NA,"74594_1","74727_1",NA,"WHSM0904B","3400","LBRC","WHSM0827","WHSF0804B"
"75189_1","BROWN","M",NA,NA,NA,"74503_1","74721_1",NA,"WHSM0905B","3400","LBRB","WHSM0820","WHSF0805B"
"75096_1","ALBINO","M",NA,NA,NA,"74596_1","74552_2",NA,"WHSM0907B","3400","LB","WHSM0835","WHSF0807B"
"75135_1","BROWN","M",NA,NA,NA,"74609_1","74703_5",NA,"WHSM0910B","3400","RC","WHSM0830","WHSF0810B"
"75167_1","BROWN","M",NA,NA,NA,"74532_1","74774_1",NA,"WHSM0914B","3400","LMRB","WHSM0856","WHSF0814B"
"75511_1",NA,"M",NA,NA,NA,"75503_1","75490_1",NA,"WHSM0915B","3400",NA,"WHSM0845B","WHSF0815B"
"75186_1","BLACK","M",NA,NA,NA,"74552_1","74780_1",NA,"WHSM0916B","3400","LTRC","WHSM0807B","WHSF0816B"
"75171_1","ALBINO","M",NA,NA,NA,"74538_1","74782_1",NA,"WHSM0918B","3400","LMRM","WHSM0836","WHSF0818B"
"75166_1","BRN HOOD","M",NA,NA,NA,"74551_1","74746_1",NA,"WHSM0920B","3400","LTRC","WHSM0822","WHSF0820B"
"75205_1","BROWN","M",NA,NA,NA,"74791_1","74689_2",NA,"WHSM0921B","3400","LMRC","WHSM0855B","WHSF0821B"
"75187_1","BRN HOOD","M",NA,NA,NA,"74582_1","74810_1",NA,"WHSM0922B","3400","LBRT","WHSM0846","WHSF0822B"
"75089_1","ALBINO","M",NA,NA,NA,"74753_1","74708_1",NA,"WHSM0923B","3400","RM","WHSM0825B","WHSF0823B"
"75202_1","BROWN","M",NA,NA,NA,"74506_1","74807_1",NA,"WHSM0924B","3400","LMRM","WHSM0814","WHSF0824B"
"75172_1","BLACK","M",NA,NA,NA,"74784_1","74728_1",NA,"WHSM0926B","3400","LTRB","WHSM0857B","WHSF0826B"
"75184_1","BRN HOOD","M",NA,NA,NA,"74502_1","74697_1",NA,"WHSM0927B","3400","LMRC","WHSM0864","WHSF0827B"
"75073_1","BROWN","M",NA,NA,NA,"74689_1","74692_2",NA,"WHSM0928B","3400","RT","WHSM0821B","WHSF0828B"
"75145_1","BLK HOOD","M",NA,NA,NA,"74585_1","74748_1",NA,"WHSM0932B","3400","LTRB","WHSM0810","WHSF0832B"
"75201_1","BLACK","M",NA,NA,NA,"74559_1","74831_1",NA,"WHSM0936B","3400","LMRT","WHSM0837","WHSF0836B"
"75090_1","BLACK","M",NA,NA,NA,"74701_1","74686_2",NA,"WHSM0937B","3400","LT","WHSM0839B","WHSF0837B"
"75144_1","BLACK","M",NA,NA,NA,"74686_1","74687_2",NA,"WHSM0938B","3400","RC","WHSM0837B","WHSF0838B"
"75285_1","ALBINO","M",NA,NA,NA,"74804_1","74760_1",NA,"WHSM0941B","3400","LTRC","WHSM0812B","WHSF0841B"
"75139_1","ALBINO","M",NA,NA,NA,"74862_3","74718_1",NA,"WHSM0946B","3400","LMRT","WHSM0831B","WHSF0846B"
"75109_1","BLK HOOD","M",NA,NA,NA,"74715_1","74783_1",NA,"WHSM0948B","3400","LTRT","WHSM0830B","WHSF0848B"
"75192_1","BLACK","M",NA,NA,NA,"74781_1","74542_2",NA,"WHSM0951B","3400","LCRB","WHSM0842B","WHSF0851B"
"75237_1","BROWN","M",NA,NA,NA,"74814_1","74773_1",NA,"WHSM0954B","3400","LBRM","WHSM0806B","WHSF0854B"
"75510_1",NA,"M",NA,NA,NA,"75149_1","75274_3",NA,"WHSM0955B","3400",NA,"WHSM0833B","WHSF0855B"
"75287_1","BRN HOOD","M",NA,NA,NA,"74830_1","74793_1",NA,"WHSM0960B","3400","LBRC","WHSM0801B","WHSF0860B"
"75203_1","BROWN HOOD","M",NA,NA,NA,"74561_1","74850_1",NA,"WHSM0962B","3400","LBRM","WHSM0821","WHSF0862B"
"75188_1","BLK HOOD","M",NA,NA,NA,"74562_1","74795_1",NA,"WHSM0963B","3400","LBRB","WHSM0807","WHSF0863B"
"75112_1","BRN HOOD","M",NA,NA,NA,"74696_5","74745_1",NA,"WHSM0964B","3400","LC","WHSM0803B","WHSF0864B"
"75158_1","BLK HOOD","M",NA,NA,NA,"74576_1","74764_1",NA,"WHSM0965B","3400","LMRM","WHSM0805","WHSF0865B"
"75204_1","BLACK HOOD","M",NA,NA,NA,"74509_1","74794_1",NA,"WHSM0907C","3400","LC","WHSM0826","WHSF0807C"
"75146_1","BROWN","M",NA,NA,NA,"74658_1","74813_1",NA,"WHSM0907D","3400","LMRT","WHSM0819","WHSF0807D"
"75085_2","BLK HOOD","F",NA,NA,NA,"74543_1","74564_2",NA,"WHSF0901","3400","LTRT","WHSM0816","WHSF0801"
"75070_2","BROWN","F",NA,NA,NA,"74568_1","74530_2",NA,"WHSF0902","3400","LT","WHSM0852","WHSF0802"
"75098_2","BROWN","F",NA,NA,NA,"74534_1","74577_2",NA,"WHSF0903","3400","LM","WHSM0860","WHSF0803"
"75067_2","BLACK","F",NA,NA,NA,"74591_1","74595_2",NA,"WHSF0904","3400","LM","WHSM0812","WHSF0804"
"75071_2","BLK HOOD","F",NA,NA,NA,"74575_1","74576_2",NA,"WHSF0905","3400","RM","WHSM0823","WHSF0805"
"75197_2","ALBINO","F",NA,NA,NA,"74584_1","74563_2",NA,"WHSF0906","3400","LT","WHSM0824","WHSF0806"
"75110_2","BLACK","F",NA,NA,NA,"74512_1","74562_2",NA,"WHSF0907","3400","LB","WHSM0818","WHSF0807"
"75127_2","BLACK","F",NA,NA,NA,"74505_1","74583_3",NA,"WHSF0908","3400","LC","WHSM0857","WHSF0808"
"75136_2","BLK HOOD","F",NA,NA,NA,"74593_1","74537_2",NA,"WHSF0909","3400","LTRB","WHSM0862","WHSF0809"
"75130_2","BRN HOOD","F",NA,NA,NA,"74504_1","74585_2",NA,"WHSF0910","3400","LC","WHSM0813","WHSF0810"
"75065_2","BLK HOOD","F",NA,NA,NA,"74598_1","74591_2",NA,"WHSF0912","3400","LM","WHSM0849","WHSF0812"
"75079_2","BRN HOOD","F",NA,NA,NA,"74530_1","74504_2",NA,"WHSF0913","3400","LT","WHSM0802","WHSF0813"
"75076_2","BLACK","F",NA,NA,NA,"74541_1","74506_2",NA,"WHSF0914","3400","RB","WHSM0847","WHSF0814"
"75068_2","BRN HOOD","F",NA,NA,NA,"74528_1","74531_2",NA,"WHSF0915","3400","RM","WHSM0817","WHSF0815"
"75077_2","BLACK","F",NA,NA,NA,"74564_1","74543_2",NA,"WHSF0916","3400","LT","WHSM0801","WHSF0816"
"75190_2","BRN HOOD","F",NA,NA,NA,"74763_2","74528_2",NA,"WHSF0917","3400","LMRM","WHSM0834B","WHSF0817"
"75297_2","BLACK","F",NA,NA,NA,"74840_1","74512_2",NA,"WHSF0918","3400","LMRB","WHSM0861B","WHSF0818"
"75141_2","BLK HOOD","F",NA,NA,NA,"74544_1","74658_2",NA,"WHSF0919","3400","LMRM","WHSM0841","WHSF0819"
"75094_2","BRN HOOD","F",NA,NA,NA,"74550_1","74503_2",NA,"WHSF0920","3400","RT","WHSM0855","WHSF0820"
"75113_2","BRN HOOD","F",NA,NA,NA,"74604_9","74561_2",NA,"WHSF0921","3400","RM","WHSM0833","WHSF0821"
"75072_2","BLACK","F",NA,NA,NA,"74574_1","74551_2",NA,"WHSF0922","3400","RM","WHSM0851","WHSF0822"
"75078_2","BLK HOOD","F",NA,NA,NA,"74595_1","74575_2",NA,"WHSF0923","3400","LT","WHSM0804","WHSF0823"
"75134_2","ALBINO","F",NA,NA,NA,"74537_1","74584_2",NA,"WHSF0924","3400","LC","WHSM0809","WHSF0824"
"75147_2","BRN HOOD","F",NA,NA,NA,"74638_1","74513_2",NA,"WHSF0925","3400","LTRT","WHSM0854","WHSF0825"
"75137_2","BROWN","F",NA,NA,NA,"74567_1","74509_2",NA,"WHSF0926","3400","RT","WHSM0861","WHSF0826"
"75095_2","BLK HOOD","F",NA,NA,NA,"74535_1","74594_2",NA,"WHSF0927","3400","LB","WHSM0845","WHSF0827"
"75143_2","ALBINO","F",NA,NA,NA,"74719_1","74565_2",NA,"WHSF0928","3400","LTRM","WHSM0849B","WHSF0828"
"75126_2","ALBINO","F",NA,NA,NA,"74507_1","74609_2",NA,"WHSF0930","3400","RB","WHSM0865","WHSF0830"
"75170_2","BRN HOOD","F",NA,NA,NA,"74511_1","74862_2",NA,"WHSF0931","3400","LTRB","WHSM0844","WHSF0831"
"75337_2","BROWN","F",NA,NA,NA,"74752_1","74508_2",NA,"WHSF0932","3400","LMRT","WHSM0817B","WHSF0832"
"75081_2","BRN HOOD","F",NA,NA,NA,"74637_1","746041_0",NA,"WHSF0933","3400","LM","WHSM0834","WHSF0833"
"75185_2","BLACK","F",NA,NA,NA,"74542_1","74763_1",NA,"WHSF0934","3400","LTRC","WHSM0851B","WHSF0834"
"75157_2","ALBINO","F",NA,NA,NA,"74761_1","74596_2",NA,"WHSF0935","3400","LMRM","WHSM0813B","WHSF0835"
"75097_2","ALBINO","F",NA,NA,NA,"74510_1","74538_2",NA,"WHSF0936","3400","RT","WHSM0859","WHSF0836"
"75281_2","BLACK","F",NA,NA,NA,"74592_1","74559_2",NA,"WHSF0937","3400","LMRM","WHSM0843","WHSF0837"
"75142_2","BLACK","F",NA,NA,NA,"74699_1","74560_2",NA,"WHSF0938","3400","LTRM","WHSM0853B","WHSF0838"
"75217_2","BRN HOOD","F",NA,NA,NA,"74566_1","74599_2",NA,"WHSF0939","3400","LBRB","WHSM0850","WHSF0839"
"75066_2","BROWN","F",NA,NA,NA,"74536_1","74539_2",NA,"WHSF0940","3400","RM","WHSM0863","WHSF0840"
"75086_2","ALBINO","F",NA,NA,NA,"74513_1","74544_2",NA,"WHSF0941","3400","LM","WHSM0825","WHSF0841"
"75191_2","BROWN","F",NA,NA,NA,"74862_1","74540_2",NA,"WHSF0942","3400","LTRT","WHSM0831","WHSF0842"
"75183_2","ALBINO","F",NA,NA,NA,"74597_1","74592_2",NA,"WHSF0943","3400","LBRB","WHSM0853","WHSF0843"
"75114_2","BLK HOOD","F",NA,NA,NA,"74539_1","74511_2",NA,"WHSF0944","3400","RC","WHSM0840","WHSF0844"
"75138_2","ALBINO","F",NA,NA,NA,"74716_1","74535_2",NA,"WHSF0945","3400","RC","WHSM0843B","WHSF0845"
"75261_2","BROWN HOOD","F",NA,NA,NA,"74615_1","74582_2",NA,"WHSF0946","3400","LBRC","WHSM0848","WHSF0846"
"75206_2","ALBINO","F",NA,NA,NA,"74842_1","74541_2",NA,"WHSF0947","3400","LMRC","WHSM0852B","WHSF0847"
"75111_2","BROWN","F",NA,NA,NA,"74688_1","74615_2",NA,"WHSF0948","3400","LC","WHSM0851D","WHSF0848"
"75080_2","BRN HOOD","F",NA,NA,NA,"74565_1","74598_2",NA,"WHSF0949","3400","LM","WHSM0828","WHSF0849"
"75069_2","BLK HOOD","F",NA,NA,NA,"74599_1","74566_2",NA,"WHSFF0950","3400","RB","WHSM0839","WHSF0850"
"75091_2","BRN HOOD","F",NA,NA,NA,"74531_1","74574_2",NA,"WHSF0951","3400","LB","WHSM0815","WHSF0851"
"75140_2","BROWN","F",NA,NA,NA,"74770_1","74568_2",NA,"WHSF0952","3400","RB","WHSM0847B","WHSF0852"
"75128_2","BLK HOOD","F",NA,NA,NA,"74540_1","74597_2",NA,"WHSF0953","3400","LTRM","WHSM0842","WHSF0853"
"75133_2","BLACK","F",NA,NA,NA,"74687_1","74638_2",NA,"WHSF0954","3400","LTRT","WHSM0838B","WHSF0854"
"75156_2","BROWN","F",NA,NA,NA,"74709_1","74550_2",NA,"WHSF0955","3400","RC","WHSM0850B","WHSF0855"
"75092_2","ALBINO","F",NA,NA,NA,"74508_1","74532_2",NA,"WHSF0956","3400","RM","WHSM0832","WHSF0856"
"75132_2","ALBINO","F",NA,NA,NA,"74563_1","74505_2",NA,"WHSF0957","3400","LTRT","WHSM0806","WHSF0857"
"75235_2","BLK HOOD","F",NA,NA,NA,"74706_1","74510_2",NA,"WHSF0959","3400","LBRM","WHSM0808B","WHSF0859"
"75169_2","BLK HOOD","F",NA,NA,NA,"74775_1","74534_2",NA,"WHSF0960","3400","LMRC","WHSM0859B","WHSF0860"
"75164_2","ALBINO","F",NA,NA,NA,"74771_1","74567_2",NA,"WHSF0961","3400","LMRB","WHSM0844B","WHSF0861"
"75074_2","BLACK","F",NA,NA,NA,"74577_1","74593_2",NA,"WHSF0962","3400","RT","WHSM0803","WHSF0862"
"75129_2","BROWN","F",NA,NA,NA,"74583_2","74536_2",NA,"WHSF0963","3400","LC","WHSM0808","WHSF0863"
"75122_6","BRN HOOD","F",NA,NA,NA,"74560_1","74502_2",NA,"WHSF0964","3400","RC","WHSM0838","WHSF0864"
"75159_2","ALBINO","F",NA,NA,NA,"74692_1","74507_2",NA,"WHSF0965","3400","LMRT","WHSM0828B","WHSF0865"
"75207_2","BROWN","F",NA,NA,NA,"74811_1","74808_1",NA,"WHSF0902B","3400","LBRM","WHSM0851C","WHSF0802B"
"75236_2","BROWN","F",NA,NA,NA,"74594_1","74727_1",NA,"WHSF0904B","3400","LTRB","WHSM0827","WHSF0804B"
"75189_2","BLACK","F",NA,NA,NA,"74503_1","74721_1",NA,"WHSF0905B","3400","LTRC","WHSM0820","WHSF0805B"
"75096_2","ALBINO","F",NA,NA,NA,"74596_1","74552_2",NA,"WHSF0907B","3400","RM","WHSM0835","WHSF0807B"
"75135_2","BLACK","F",NA,NA,NA,"74609_1","74703_5",NA,"WHSF0910B","3400","RC","WHSM0830","WHSF0810B"
"75167_2","BLACK HOOD","F",NA,NA,NA,"74532_1","74774_1",NA,"WHSF0914B","3400","LMRB","WHSM0856","WHSF0814B"
"75511_2",NA,"F",NA,NA,NA,"75503_1","75490_1",NA,"WHSF0915B","3400",NA,"WHSM0845B","WHSF0815B"
"75186_2","BROWN","F",NA,NA,NA,"74552_1","74780_1",NA,"WHSF0916B","3400","LBRB","WHSM0807B","WHSF0816B"
"75171_2","ALBINO","F",NA,NA,NA,"74538_1","74782_1",NA,"WHSF0918B","3400","LBRT","WHSM0836","WHSF0818B"
"75166_2","BRN HOOD","F",NA,NA,NA,"74551_1","74746_1",NA,"WHSF0920B","3400","LTRM","WHSM0822","WHSF0820B"
"75205_2","BRN HOOD","F",NA,NA,NA,"74791_1","74689_2",NA,"WHSF0921B","3400","LMRC","WHSM0855B","WHSF0821B"
"75187_2","BROWN","F",NA,NA,NA,"74582_1","74810_1",NA,"WHSF0922B","3400","LTRT","WHSM0846","WHSF0822B"
"75230_1","ALBINO","F",NA,NA,NA,"74753_1","74708_1",NA,"WHSF0923B","3400","LCRM","WHSM0825B","WHSF0823B"
"75202_2","BLACK","F",NA,NA,NA,"74506_1","74807_1",NA,"WHSF0924B","3400","LMRT","WHSM0814","WHSF0824B"
"75172_2","BROWN","F",NA,NA,NA,"74784_1","74728_1",NA,"WHSF0926B","3400","RC","WHSM0857B","WHSF0826B"
"75184_2","BRN HOOD","F",NA,NA,NA,"74502_1","74697_1",NA,"WHSF0927B","3400","LMRB","WHSM0864","WHSF0827B"
"75073_2","BROWN","F",NA,NA,NA,"74689_1","74692_2",NA,"WHSF0928B","3400","RT","WHSM0821B","WHSF0828B"
"75145_2","BLACK","F",NA,NA,NA,"74585_1","74748_1",NA,"WHSF0932B","3400","LTRB","WHSM0810","WHSF0832B"
"75201_2","BLACK HOOD","F",NA,NA,NA,"74559_1","74831_1",NA,"WHSF0936B","3400","LBRT","WHSM0837","WHSF0836B"
"75090_2","BLK HOOD","F",NA,NA,NA,"74701_1","74686_2",NA,"WHSF0937B","3400","RT","WHSM0839B","WHSF0837B"
"75144_2","BLK HOOD","F",NA,NA,NA,"74686_1","74687_2",NA,"WHSF0938B","3400","LMRT","WHSM0837B","WHSF0838B"
"75285_2","BROWN","F",NA,NA,NA,"74804_1","74760_1",NA,"WHSF0941B","3400","LTRC","WHSM0812B","WHSF0841B"
"75139_2","ALBINO","F",NA,NA,NA,"74862_3","74718_1",NA,"WHSF0946B","3400","LTRB","WHSM0831B","WHSF0846B"
"75109_2","BLK HOOD","F",NA,NA,NA,"74715_1","74783_1",NA,"WHSF0948B","3400","LC","WHSM0830B","WHSF0848B"
"75192_2","BROWN","F",NA,NA,NA,"74781_1","74542_2",NA,"WHSF0951B","3400","LTRM","WHSM0842B","WHSF0851B"
"75237_2","BROWN","F",NA,NA,NA,"74814_1","74773_1",NA,"WHSF0954B","3400","LMRM","WHSM0806B","WHSF0854B"
"75510_2",NA,"F",NA,NA,NA,"75149_1","75274_3",NA,"WHSF0955B","3400",NA,"WHSM0833B","WHSF0855B"
"75287_2","BRN HOOD","F",NA,NA,NA,"74830_1","74793_1",NA,"WHSF0960B","3400","LCRT","WHSM0801B","WHSF0860B"
"75203_2","ALBINO","F",NA,NA,NA,"74561_1","74850_1",NA,"WHSF0962B","3400","LBRM","WHSM0821","WHSF0862B"
"75188_2","BLACK","F",NA,NA,NA,"74562_1","74795_1",NA,"WHSF0963B","3400","LMRT","WHSM0807","WHSF0863B"
"75112_2","BROWN","F",NA,NA,NA,"74696_5","74745_1",NA,"WHSF0964B","3400","LB","WHSM0803B","WHSF0864B"
"75158_2","BLK HOOD","F",NA,NA,NA,"74576_1","74764_1",NA,"WHSF0965B","3400","LTRC","WHSM0805","WHSF0865B"
"75204_2","BROWN HOOD","F",NA,NA,NA,"74509_1","74794_1",NA,"WHSF0907C","3400","LTRC","WHSM0826","WHSF0807C"
"75146_2","BRN HOOD","F",NA,NA,NA,"74658_1","74813_1",NA,"WHSF0907D","3400","LMRT","WHSM0819","WHSF0807D"
"75680_1","BRN HOOD","M",NA,NA,NA,"75122_5","75156_2",NA,"WHSM1055","3500","LT","WHSM0964","WHSF0955"
"75685_1","BLACK","M",NA,NA,NA,"75156_1","75184_2",NA,"WHSM1027B","3500","RT","WHSM0955","WHSF0927B"
"75693_1","BROWN","M",NA,NA,NA,"75138_1","75130_2",NA,"WHSM1010","3500","LT","WHSM0945","WHSF0910"
"75692_1","BLK HOOD","M",NA,NA,NA,"75072_1","75076_2",NA,"WHSM1014","3500","RT","WHSM0922","WHSF0914"
"75688_1","ALBINO","M",NA,NA,NA,"75085_1","75095_2",NA,"WHSM1027","3500","LT","WHSM0901","WHSF0927"
"75691_1","ALBINO","M",NA,NA,NA,"75145_1","75164_2",NA,"WHSM1061","3500","LM","WHSM0932B","WHSF0961"
"75694_1","BLK HOOD","M",NA,NA,NA,"75169_1","75171_2",NA,"WHSM1018B","3500","RM","WHSM0960","WHSF0918B"
"75706_1","BLACK","M",NA,NA,NA,"75097_1","75098_2",NA,"WHSM1003","3500","LT","WHSM0936","WHSF0903"
"75705_1","BRN HOOD","M",NA,NA,NA,"75095_1","75197_2",NA,"WHSM1006","3500","RM","WHSM0927","WHSF0906"
"75714_1","BLK HOOD","M",NA,NA,NA,"75080_1","75068_2",NA,"WHSM1015","3500","LT","WSHM0949","WHSF0915"
"75731_1","BLACK","M",NA,NA,NA,"75137_1","75134_2",NA,"WHSM1024","3500","LM","WHSM0926","WHSF0924"
"75710_1","BRN HOOD","M",NA,NA,NA,"75142_1","75137_2",NA,"WHSM1026","3500","RB","WHSM0938","WHSF0926"
"75702_1","BRN HOOD","M",NA,NA,NA,"75159_1","75170_2",NA,"WHSM1031","3500","LT","WHSM0965","WHSF0931"
"75697_1","BLK HOOD","M",NA,NA,NA,"75235_1","75261_2",NA,"WHSM1046","3500","RC","WHSM0959","WHSF0946"
"75701_1","BLK HOOD","M",NA,NA,NA,"75113_1","75122_6",NA,"WHSM1064","3500","LTRT","WHSM0921","WHSF0964"
"75712_1","BLK HOOD","M",NA,NA,NA,"75190_1","75167_2",NA,"WHSM1014B","3500","RB","WHSM0917","WHSF0914B"
"75713_1","BLACK","M",NA,NA,NA,"75130_1","75109_2",NA,"WHSM1048B","3500","RM","WHSM0910","WHSF0948B"
"75711_1","BROWN","M",NA,NA,NA,"75217_1","75237_2",NA,"WHSM1054B","3500","LB","WHSM0939","WHSF0954B"
"75700_1","BROWN","M",NA,NA,NA,"75166_1","75188_2",NA,"WHSM1063B","3500","LM","WHSM0920B","WHSF0963B"
"75698_1","BLACK","M",NA,NA,NA,"75133_1","75158_2",NA,"WHSM1065B","3500","LB","WHSM0954","WHSF0965B"
"75708_1","BLK HOOD","M",NA,NA,NA,"75073_1","75065_2",NA,"WHSM1012","3500","LM","WHSM0928B","WHSF0912"
"75704_1","ALBINO","M",NA,NA,NA,"75170_1","75143_2",NA,"WHSM1028","3500","RM","WHSM0931","WHSF0928"
"75707_1","ALBINO","M",NA,NA,NA,"75192_1","75191_2",NA,"WHSM1042","3500","RB","WHSM0951B","WHSF0942"
"75699_1","ALBINO","M",NA,NA,NA,"75204_1","75230_1",NA,"WHSM1023B","3500","RT","WHSM0907C","WHSF0923B"
"75703_1","BLACK","M",NA,NA,NA,"75186_1","75145_2",NA,"WHSM1032B","3500","LC","WHSM0916B","WHSF0932B"
"75709_1","BRN HOOD","M",NA,NA,NA,"75236_1","75204_2",NA,"WHSM1007C","3500","RC","WHSM0904B","WHSF0907C"
"75738_1","ALBINO","M",NA,NA,NA,"75067_1","75138_2",NA,"WHSM1045","3500","LB","WHSM0904","WHSF0945"
"75736_1","ALBINO","M",NA,NA,NA,"75188_1","75235_2",NA,"WHSM1059","3500","LC","WHSM0963B","WHSF0959"
"75735_1","BLACK","M",NA,NA,NA,"75164_1","75144_2",NA,"WHSM1038B","3500","RB","WHSM0961","WHSF0938B"
"75739_1","BLK HOOD","M",NA,NA,NA,"75071_1","75112_2",NA,"WHSM1064B","3500","LTRM","WHSM0905","WHSF0964B"
"75742_1","BLACK","M",NA,NA,NA,"75191_1","75142_2",NA,"WHSM1038","3500","RC","WHSM0942","WHSF0938"
"75761_1","ALBINO","M",NA,NA,NA,"75128_1","75086_2",NA,"WHSM1041","3500","LBRB","WHSM0953","WHSF0941"
"75743_1","BLACK","M",NA,NA,NA,"75144_1","75183_2",NA,"WHSM1043","3500","LTRT","WHSM0938B","WHSF0943"
"75740_1","ALBINO","M",NA,NA,NA,"75069_1","75111_2",NA,"WHSM1048","3500","RC","WHSM0950","WHSF0948"
"75744_1","BLACK","M",NA,NA,NA,"75136_1","75092_2",NA,"WHSM1056","3500","LTRM","WHSM0909","WHSF0956"
"75760_1","BLK HOOD","M",NA,NA,NA,"75110_1","75129_2",NA,"WHSM1063","3500","LB","WHSM0907","WHSF0963"
"75741_1","BRN HOOD","M",NA,NA,NA,"75143_1","75187_2",NA,"WHSM1022B","3500","LM","WHSM0928","WHSF0922B"
"75758_1","BROWN","M",NA,NA,NA,"75189_1","75127_2",NA,"WHSM1008","3500","LC","WHSM0905B","WHSF0908"
"75758_2","BROWN","M",NA,NA,NA,"75189_1","75127_2",NA,"WHSM1008B","3500","RT","WHSM0905B","WHSF0908"
"75755_1","BRN HOOD","M",NA,NA,NA,"75134_1","75094_2",NA,"WHSM1020","3500","LTRB","WHSM0924","WHSF0920"
"75755_2","BRN HOOD","M",NA,NA,NA,"75134_1","75094_2",NA,"WHSM1020D","3500","LTRC","WHSM0924","WHSF0920"
"75751_1","BRN HOOD","M",NA,NA,NA,"75132_1","75185_2",NA,"WHSM1034","3500","LTRM","WHSM0957","WHSF0934"
"75751_2","BRN HOOD","M",NA,NA,NA,"75132_1","75185_2",NA,"WHSM1034B","3500","LC","WHSM0957","WHSF0934"
"75759_1","BLK HOOD","M",NA,NA,NA,"75236_1","75204_2",NA,"WHSM1007B","3500","LTRC","WHSM0904B","WHSF0907C"
"75759_2","BLK HOOD","M",NA,NA,NA,"75236_1","75204_2",NA,"WHSM1007E","3500","LMRT","WHSM0904B","WHSF0907C"
"75754_1","BRN HOOD","M",NA,NA,NA,"75203_1","75166_2",NA,"WHSM1020B","3500","LTRT","WHSM0962B","WHSF0920B"
"75754_2","BRN HOOD","M",NA,NA,NA,"75203_1","75166_2",NA,"WHSM1020C","3500","LB","WHSM0962B","WHSF0920B"
"75757_1","BLK HOOD","M",NA,NA,NA,"75139_1","75090_2",NA,"WHSM1037B","3500","LC","WHSM0946B","WHSF0937B"
"75757_2","BLK HOOD","M",NA,NA,NA,"75139_1","75090_2",NA,"WHSM1037C","3500","LTRB","WHSM0946B","WHSF0937B"
"75750_1","BRN HOOD","M",NA,NA,NA,"75129_1","75085_2",NA,"WHSM1001","3500","LMRT","WHSM0963","WHSF0901"
"75750_2","BRN HOOD","M",NA,NA,NA,"75129_1","75085_2",NA,"WHSM1001B","3500","LMRM","WHSM0963","WHSF0901"
"75756_1","BLK HOOD","M",NA,NA,NA,"75109_1","75078_2",NA,"WHSM1023","3500","LMRM","WHSM0948B","WHSF0923"
"75756_2","BLK HOOD","M",NA,NA,NA,"75109_1","75078_2",NA,"WHSM1023D","3500","LMRB","WHSM0948B","WHSF0923"
"75753_1","ALBINO","M",NA,NA,NA,"75172_1","75114_2",NA,"WHSM1044","3500","LTRT","WHSM0926B","WHSF0944"
"75753_2","ALBINO","M",NA,NA,NA,"75172_1","75114_2",NA,"WHSM1044B","3500","LTRM","WHSM0926B","WHSF0944"
"75752_1","ALBINO","M",NA,NA,NA,"75285_1","75236_2",NA,"WHSM1004B","3500","LTRB","WHSM0941B","WHSF0904B"
"75752_2","ALBINO","M",NA,NA,NA,"75285_1","75236_2",NA,"WHSM1004C","3500","LTRC","WHSM0941B","WHSF0904B"
"75749_1","BRN HOOD","M",NA,NA,NA,"75261_1","75217_2",NA,"WHSM1039","3500","LMRB","WHSM0946","WHSF0939"
"75749_2","ALBINO","M",NA,NA,NA,"75261_1","75217_2",NA,"WHSM1039B","3500","LMRT","WHSM0946","WHSF0939"
"75762_1","ALBINO","M",NA,NA,NA,"75096_1","75066_2",NA,"WHSM1040","3500","LMRT","WHSM0907B","WHSF0940"
"75762_2","BLK HOOD","M",NA,NA,NA,"75096_1","75066_2",NA,"WHSM1040B","3500","LMRB","WHSM0907B","WHSF0940"
"75771_1","BROWN","M",NA,NA,NA,"75065_1","75140_2",NA,"WHSM1052","3500","RM","WHSM0912","WHSF0952"
"75771_2","BROWN","M",NA,NA,NA,"75065_1","75140_2",NA,"WHSM1052B","3500","LMRM","WHSM0912","WHSF0952"
"75776_1","BLK HOOD","M",NA,NA,NA,"75112_1","75169_2",NA,"WHSM1060","3500","LMRC","WHSM0964B","WHSF0960"
"75776_2","BRN HOOD","M",NA,NA,NA,"75112_1","75169_2",NA,"WHSM1060D","3500","LBRM","WHSM0964B","WHSF0960"
"75775_1","BRN HOOD","M",NA,NA,NA,"75140_1","75207_2",NA,"WHSM1002B","3500","LMRC","WHSM0952","WHSF0902B"
"75775_2","BLACK","M",NA,NA,NA,"75140_1","75207_2",NA,"WHSM1002C","3500","LTRB","WHSM0952","WHSF0902B"
"75772_1","BROWN","M",NA,NA,NA,"75146_1","75205_2",NA,"WHSM1021B","3500","RT","WHSM0907D","WHSF0921B"
"75772_2","BRN HOOD","M",NA,NA,NA,"75146_1","75205_2",NA,"WHSM1021C","3500","LBRT","WHSM0907D","WHSF0921B"
"75808_1","BRN HOOD","M",NA,NA,NA,"75205_1","75141_2",NA,"WHSM1019","3500","LCRB","WHSM0921B","WHSF0919"
"75808_2","BRN HOOD","M",NA,NA,NA,"75205_1","75141_2",NA,"WHSM1019B","3500","LCRC","WHSM0921B","WHSF0919"
"75803_1","BLACK","M",NA,NA,NA,"75158_1","75072_2",NA,"WHSM1022","3500","LMRB","WHSM0965B","WHSF0922"
"75803_2","BLACK","M",NA,NA,NA,"75158_1","75072_2",NA,"WHSM1022D","3500","LMRM","WHSM0965B","WHSF0922"
"75805_1","BRN HOOD","M",NA,NA,NA,"75070_1","75157_2",NA,"WHSM1035","3500","LBRB","WHSM0902","WHSF0935"
"75805_2","BRN HOOD","M",NA,NA,NA,"75070_1","75157_2",NA,"WHSM1035B","3500","LBRC","WHSM0902","WHSF0935"
"75809_1","ALBINO","M",NA,NA,NA,"75114_1","75206_2",NA,"WHSM1047","3500","LMRM","WHSM0944","WHSF0947"
"75809_2","ALBINO","M",NA,NA,NA,"75114_1","75206_2",NA,"WHSM1047B","3500","LMRB","WHSM0944","WHSF0947"
"75802_1","BRN HOOD","M",NA,NA,NA,"75184_1","75069_2",NA,"WHSM1050","3500","LCRM","WHSM0927B","WHSF0950"
"75804_1","BLACK","M",NA,NA,NA,"75197_1","75133_2",NA,"WHSM1054","3500","LTRC","WHSM0906","WHSF0954"
"75804_2","BLACK","M",NA,NA,NA,"75197_1","75133_2",NA,"WHSM1054D","3500","LMRT","WHSM0906","WHSF0954"
"75806_1","ALBINO","M",NA,NA,NA,"75089_1","75189_2",NA,"WHSM1005B","3500","LMRC","WHSM0923B","WHSF0905B"
"75806_2","ALBINO","M",NA,NA,NA,"75089_1","75189_2",NA,"WHSM1005C","3500","LBRT","WHSM0923B","WHSF0905B"
"75816_1","BROWN","M",NA,NA,NA,"75074_1","75172_2",NA,"WHSM1026B","3500","RC","WHSM0962","WHSF0926B"
"75816_2","BROWN","M",NA,NA,NA,"75074_1","75172_2",NA,"WHSM1026C","3500","LTRT","WHSM0962","WHSF0926B"
"75797_1","ALBINO","M",NA,NA,NA,"75076_1","75147_2",NA,"WHSM1025","3500","LBRM","WHSM0914","WHSF0925"
"75797_2","BLACK","M",NA,NA,NA,"75076_1","75147_2",NA,"WHSM1025B","3500","LBRC","WHSM0914","WHSF0925"
"75800_1","BLACK","M",NA,NA,NA,"75171_1","75071_2",NA,"WHSM1005","3500","LBRT","WHSM0918B","WHSF0905"
"75800_2","BLACK","M",NA,NA,NA,"75171_1","75071_2",NA,"WHSM1005D","3500","LBRM","WHSM0918B","WHSF0905"
"75799_1","BLK HOOD","M",NA,NA,NA,"75167_1","75077_2",NA,"WHSM1016","3500","LB","WHSM0914B","WHSF0916"
"75799_2","BLACK","M",NA,NA,NA,"75167_1","75077_2",NA,"WHSM1016D","3500","LT","WHSM0914B","WHSF0916"
"75807_1","BRN HOOD","M",NA,NA,NA,"75187_1","75113_2",NA,"WHSM1021","3500","LM","WHSM0922B","WHSF0921"
"75807_2","BRN HOOD","M",NA,NA,NA,"75187_1","75113_2",NA,"WHSM1021D","3500","LM","WHSM0922B","WHSF0921"
"75801_1","ALBINO","M",NA,NA,NA,"75183_1","75097_2",NA,"WHSM1036","3500","LBRC","WHSM0943","WHSF0936"
"75801_2","ALBINO","M",NA,NA,NA,"75183_1","75097_2",NA,"WHSM1036D","3500","LCRT","WHSM0943","WHSF0936"
"75810_1","ALBINO","M",NA,NA,NA,"75202_1","75132_2",NA,"WHSM1057","3500","LCRM","WHSM0924B","WHSF0957"
"75810_2","ALBINO","M",NA,NA,NA,"75202_1","75132_2",NA,"WHSM1057B","3500","LCRB","WHSM0924B","WHSF0957"
"75811_1","BROWN","M",NA,NA,NA,"75091_1","75159_2",NA,"WHSM1065","3500","LTRM","WHSM0951","WHSF0965"
"75811_2","BRN HOOD","M",NA,NA,NA,"75091_1","75159_2",NA,"WHSM1065D","3500","LCRC","WHSM0951","WHSF0965"
"75815_1","BLACK","M",NA,NA,NA,"75086_1","75135_2",NA,"WHSM1010B","3500","LBRB","WHSM0941","WHSF0910B"
"75815_2","BLK HOOD","M",NA,NA,NA,"75086_1","75135_2",NA,"WHSM1010C","3500","LC","WHSM0941","WHSF0910B"
"75798_1","BLK HOOD","M",NA,NA,NA,"75079_1","75139_2",NA,"WHSM1046B","3500","LCRB","WHSM0913","WHSF0946B"
"75798_2","BRN HOOD","M",NA,NA,NA,"75079_1","75139_2",NA,"WHSM1046C","3500","LT","WHSM0913","WHSF0946B"
"75822_1","ALBINO","M",NA,NA,NA,"75111_1","75067_2",NA,"WHSM1004","3500","RT","WHSM0948","WHSF0904"
"75822_2","BLACK","M",NA,NA,NA,"75111_1","75067_2",NA,"WHSM1004D","3500","RT","WHSM0948","WHSF0904"
"75825_1","BLACK","M",NA,NA,NA,"75135_1","75297_2",NA,"WHSM1018","3500","LM","WHSM0910B","WHSF0918"
"75825_2","BROWN","M",NA,NA,NA,"75135_1","75297_2",NA,"WHSM1018D","3500","LM","WHSM0910B","WHSF0918"
"75821_1","BRN HOOD","M",NA,NA,NA,"75081_1","75337_2",NA,"WHSM1032","3500","RT","WHSM0933","WHSF0932"
"75821_2","ALBINO","M",NA,NA,NA,"75081_1","75337_2",NA,"WHSM1032D","3500","LT","WHSM0933","WHSF0932"
"75824_1","BLACK","M",NA,NA,NA,"75066_1","75281_2",NA,"WHSM1037","3500","LB","WHSM0940","WHSF0937"
"75824_2","BLACK","M",NA,NA,NA,"75066_1","75281_2",NA,"WHSM1037D","3500","RM","WHSM0940","WHSF0937"
"75820_1","BROWN","M",NA,NA,NA,"75090_1","75287_2",NA,"WHSM1060B","3500","LC","WHSM0937B","WHSF0960B"
"75820_2","BROWN","M",NA,NA,NA,"75090_1","75287_2",NA,"WHSM1060C","3500","RM","WHSM0937B","WHSF0960B"
"75834_1","BLK HOOD","M",NA,NA,NA,"75098_1","75201_2",NA,"WHSM1036B","3500","RB","WHSM0903","WHSF0936B"
"75834_2","ALBINO","M",NA,NA,NA,"75098_1","75201_2",NA,"WHSM1036C","3500","LTRT","WHSM0903","WHSF0936B"
"75823_1","ALBINO","M",NA,NA,NA,"75068_1","75203_2",NA,"WHSM1062B","3500","LM","WHSM0915","WHSF0962B"
"75833_1","BLACK","M",NA,NA,NA,"75078_1","75285_2",NA,"WHSM1041B","3500","LC","WHSM0923","WHSF0941B"
"75833_2","BLACK","M",NA,NA,NA,"75078_1","75285_2",NA,"WHSM1041C","3500","RB","WHSM0923","WHSF0941B"
"75830_1","BROWN","M",NA,NA,NA,"75297_1","75080_2",NA,"WHSM1049","3500","LB","WHSM0918","WHSF0949"
"75830_2","BROWN","M",NA,NA,NA,"75297_1","75080_2",NA,"WHSM1049B","3500","RB","WHSM0918","WHSF0949"
"75896_1","BRN HOOD","M",NA,NA,NA,"75287_1","75146_2",NA,"WHSM1007H","3500","LTRT","WHSM0960B","WHSF0907D"
"75896_2","BRN HOOD","M",NA,NA,NA,"75287_1","75146_2",NA,"WHSM1007I","3500","LTRM","WHSM0960B","WHSF0907D"
"75832_1","BRN HOOD","M",NA,NA,NA,"75206_1","75079_2",NA,"WHSM1013","3500","RM","WHSM0947","WHSF0913"
"75831_1","BRN HOOD","M",NA,NA,NA,"75337_1","75081_2",NA,"WHSM1033","3500","LC","WHSM0932","WHSF0933"
"75831_2","BLK HOOD","M",NA,NA,NA,"75337_1","75081_2",NA,"WHSM1033B","3500","LT","WHSM0932","WHSF0933"
"75827_1","BRN HOOD","M",NA,NA,NA,"75157_1","75190_2",NA,"WHSM1017","3500","RB","WHSM0935","WHSF0917"
"75829_1","BROWN","M",NA,NA,NA,"75207_1","75091_2",NA,"WHSM1051","3500","LTRT","WHSM0902B","WHSF0951"
"75829_2","BRN HOOD","M",NA,NA,NA,"75207_1","75091_2",NA,"WHSM1051D","3500","RC","WHSM0902B","WHSF0951"
"75826_1","BROWN","M",NA,NA,NA,"75156_1","75184_2",NA,"WHSM1027C","3500","RC","WHSM0955","WHSF0927B"
"75828_1","BLACK","M",NA,NA,NA,"75237_1","75192_2",NA,"WHSM1051B","3500","RC","WHSM0954B","WHSF0951B"
"75828_2","BROWN","M",NA,NA,NA,"75237_1","75192_2",NA,"WHSM1051C","3500","LTRB","WHSM0954B","WHSF0951B"
"75842_1","BROWN","M",NA,NA,NA,"75393_1","75110_2",NA,"WHSM1007","3500","LMRM","WHSM0920","WHSF0907"
"75842_2","BROWN","M",NA,NA,NA,"75393_1","75110_2",NA,"WHSM1007F","3500","LMRT","WHSM0920","WHSF0907"
"75837_1","BLACK","M",NA,NA,NA,"75137_1","75134_2",NA,"WHSM1024D","3500","LTRT","WHSM0926","WHSF0924"
"75840_1","BLK HOOD","M",NA,NA,NA,"75085_1","75095_2",NA,"WHSM1027D","3500","RM","WHSM0901","WHSF0927"
"75838_1","ALBINO","M",NA,NA,NA,"75192_1","75191_2",NA,"WHSM1042B","3500","LC","WHSM0951B","WHSF0942"
"75839_1","BRN HOOD","M",NA,NA,NA,"75122_5","75156_2",NA,"WHSM1055D","3500","LTRB","WHSM0964","WHSF0955"
"75835_1","BLK HOOD","M",NA,NA,NA,"75190_1","75167_2",NA,"WHSM1014C","3500","LM","WHSM0917","WHSF0914B"
"75841_1","ALBINO","M",NA,NA,NA,"75169_1","75171_2",NA,"WHSM1018C","3500","LB","WHSM0960","WHSF0918B"
"75836_1","BROWN","M",NA,NA,NA,"75130_1","75109_2",NA,"WHSM1048C","3500","LMRB","WHSM0910","WHSF0948B"
"75854_1","BROWN","M",NA,NA,NA,"75141_1","75073_2",NA,"WHSM1028B","3500","LTRC","WHSM0919","WHSF0928B"
"75854_2","BROWN","M",NA,NA,NA,"75141_1","75073_2",NA,"WHSM1028C","3500","LMRC","WHSM0919","WHSF0928B"
"75847_1","BRN HOOD","M",NA,NA,NA,"75217_1","75237_2",NA,"WHSM1054C","3500","LMRM","WHSM0939","WHSF0954B"
"75920_1","BROWN","M",NA,NA,NA,"75185_1","75070_2",NA,"WHSM1002","3500","LBRT","WHSM0934","WHSF0902"
"75920_2","BRN HOOD","M",NA,NA,NA,"75185_1","75070_2",NA,"WHSM1002D","3500","LTRC","WHSM0934","WHSF0902"
"75924_1","ALBINO","M",NA,NA,NA,"75095_1","75197_2",NA,"WHSM1006B","3500","LTRM","WHSM0927","WHSF0906"
"75919_1","ALBINO","M",NA,NA,NA,"75138_1","75130_2",NA,"WHSM1010D","3500","RM","WHSM0945","WHSF0910"
"75923_1","BLK HOOD","M",NA,NA,NA,"75072_1","75076_2",NA,"WHSM1014D","3500","LTRT","WHSM0922","WHSF0914"
"75921_1","BRN HOOD","M",NA,NA,NA,"75080_1","75068_2",NA,"WHSM1015C","3500","LMRT","WSHM0949","WHSF0915"
"75922_1","ALBINO","M",NA,NA,NA,"75166_1","75188_2",NA,"WHSM1063C","3500","RC","WHSM0920B","WHSF0963B"
"75925_1","BLACK","M",NA,NA,NA,"75133_1","75158_2",NA,"WHSM1065C","3500","LCRC","WHSM0954","WHSF0965B"
"75926_1","BLK HOOD","M",NA,NA,NA,"75188_1","75235_2",NA,"WHSM1059B","3500","RC","WHSM0963B","WHSF0959"
"75929_1","BLK HOOD","M",NA,NA,NA,"75204_1","75230_1",NA,"WHSM1023C","3500","LMRM","WHSM0907C","WHSF0923B"
"75940_1","BLACK","M",NA,NA,NA,"75186_1","75145_2",NA,"WHSM1032C","3500","LTRB","WHSM0916B","WHSF0932B"
"75927_1","BROWN","M",NA,NA,NA,"75236_1","75204_2",NA,"WHSM1007G","3500","RT","WHSM0904B","WHSF0907C"
"75937_1","BLK HOOD","M",NA,NA,NA,"75073_1","75065_2",NA,"WHSM1012B","3500","LTRB","WHSM0928B","WHSF0912"
"75938_1","ALBINO","M",NA,NA,NA,"75067_1","75138_2",NA,"WHSM1045B","3500","LMRM","WHSM0904","WHSF0945"
"75867_1","BRN HOOD","M",NA,NA,NA,"75110_1","75129_2",NA,"WHSM1063D","3500","LMRB","WHSM0907","WHSF0963"
"75936_1","BLK HOOD","M",NA,NA,NA,"75164_1","75144_2",NA,"WHSM1038C","3500","LTRM","WHSM0961","WHSF0938B"
"75859_1","ALBINO","M",NA,NA,NA,"75170_1","75143_2",NA,"WHSM1028D","3500","LMRB","WHSM0931","WHSF0928"
"75939_1","BLACK","M",NA,NA,NA,"75281_1","75128_2",NA,"WHSM1053","3500","LMRM","WHSM0937","WHSF0953"
"75939_2","ALBINO","M",NA,NA,NA,"75281_1","75128_2",NA,"WHSM1053B","3500","LTRB","WHSM0937","WHSF0953"
"75856_1","BLACK","M",NA,NA,NA,"75136_1","75092_2",NA,"WHSM1056B","3500","LMRT","WHSM0909","WHSF0956"
"75861_1","BLK HOOD","M",NA,NA,NA,"75113_1","75122_6",NA,"WHSM1064D","3500","LTRC","WHSM0921","WHSF0964"
"75866_1","ALBINO","M",NA,NA,NA,"75128_1","75086_2",NA,"WHSM1041D","3500","LTRC","WHSM0953","WHSF0941"
"75865_1","BRN HOOD","M",NA,NA,NA,"75145_1","75164_2",NA,"WHSM1061B","3500","LMRC","WHSM0932B","WHSF0961"
"75941_1","BRN HOOD","M",NA,NA,NA,"75159_1","75170_2",NA,"WHSM1031B","3500","LBRT","WHSM0965","WHSF0931"
"75942_1","BLK HOOD","M",NA,NA,NA,"75191_1","75142_2",NA,"WHSM1038D","3500","LMRB","WHSM0942","WHSF0938"
"75884_1","BRN HOOD","M",NA,NA,NA,"75235_1","75261_2",NA,"WHSM1046D","3500","LBRM","WHSM0959","WHSF0946"
"75886_1","BROWN","M",NA,NA,NA,"75069_1","75111_2",NA,"WHSM1048D","3500","LBRM","WHSM0950","WHSF0948"
"75899_1","BRN HOOD","M",NA,NA,NA,"75143_1","75187_2",NA,"WHSM1022C","3500","LCRM","WHSM0928","WHSF0922B"
"75882_1","BLK HOOD","M",NA,NA,NA,"75144_1","75183_2",NA,"WHSM1043B","3500","LMRT","WHSM0938B","WHSF0943"
"75891_1","BLACK","M",NA,NA,NA,"75201_1","75074_2",NA,"WHSM1062","3500","LRTC","WHSM0936B","WHSF0962"
"75891_2","BLACK","M",NA,NA,NA,"75201_1","75074_2",NA,"WHSM1062D","3500","LMRB","WHSM0936B","WHSF0962"
"75953_1","BLK HOOD","M",NA,NA,NA,"75092_1","75136_2",NA,"WHSM1009","3500","LMRC","WHSM0956","WHSF0909"
"75953_2","BLK HOOD","M",NA,NA,NA,"75092_1","75136_2",NA,"WHSM1009B","3500","LCRT","WHSM0956","WHSF0909"
"75914_1","ALBINO","M",NA,NA,NA,"75206_1","75079_2",NA,"WHSM1013B","3500","LMRT","WHSM0947","WHSF0913"
"75977_1","BLK HOOD","M",NA,NA,NA,"75157_1","75190_2",NA,"WHSM1017B","3500","LBRM","WHSM0935","WHSF0917"
"75952_1","BRN HOOD","M",NA,NA,NA,"75184_1","75069_2",NA,"WHSM1050D","3500","LBRB","WHSM0927B","WHSF0950"
"75932_1","BLACK HOOD","M",NA,NA,NA,"75068_1","75203_2",NA,"WHSM1062C","3500","LBRT","WHSM0915","WHSF0962B"
"76007_1","BROWN","M",NA,NA,NA,"75071_1","75112_2",NA,"WHSM1064C","3500","LBRM","WHSM0905","WHSF0964B"
"75928_1","BLACK","M",NA,NA,NA,"75097_1","75098_2",NA,"WHSM1003B","3500","LTRM","WHSM0936","WHSF0903"
"75680_2","BROWN","F",NA,NA,NA,"75122_5","75156_2",NA,"WHSF1055","3500","LT","WHSM0964","WHSF0955"
"75685_2","BRN HOOD","F",NA,NA,NA,"75156_1","75184_2",NA,"WHSF1027B","3500","RT","WHSM0955","WHSF0927B"
"75693_2","ALBINO","F",NA,NA,NA,"75138_1","75130_2",NA,"WHSF1010","3500","LT","WHSM0945","WHSF0910"
"75692_2","BLK HOOD","F",NA,NA,NA,"75072_1","75076_2",NA,"WHSF1014","3500","RT","WHSM0922","WHSF0914"
"75688_2","BRN HOOD","F",NA,NA,NA,"75085_1","75095_2",NA,"WHSF1027","3500","LM","WHSM0901","WHSF0927"
"75691_2","BROWN","F",NA,NA,NA,"75145_1","75164_2",NA,"WHSF1061","3500","LM","WHSM0932B","WHSF0961"
"75694_2","BLK HOOD","F",NA,NA,NA,"75169_1","75171_2",NA,"WHSF1018B","3500","RM","WHSM0960","WHSF0918B"
"75706_2","BROWN","F",NA,NA,NA,"75097_1","75098_2",NA,"WHSF1003","3500","LB","WHSM0936","WHSF0903"
"75705_2","BLK HOOD","F",NA,NA,NA,"75095_1","75197_2",NA,"WHSF1006","3500","RC","WHSM0927","WHSF0906"
"75714_2","BRN HOOD","F",NA,NA,NA,"75080_1","75068_2",NA,"WHSF1015","3500","LB","WSHM0949","WHSF0915"
"75696_1","BLK HOOD","F",NA,NA,NA,"75157_1","75190_2",NA,"WHSF1017","3500","RB","WHSM0935","WHSF0917"
"75731_2","BRN HOOD","F",NA,NA,NA,"75137_1","75134_2",NA,"WHSF1024","3500","LTRT","WHSM0926","WHSF0924"
"75710_2","BLACK","F",NA,NA,NA,"75142_1","75137_2",NA,"WHSF1026","3500","LM","WHSM0938","WHSF0926"
"75702_2","BRN HOOD","F",NA,NA,NA,"75159_1","75170_2",NA,"WHSF1031","3500","RT","WHSM0965","WHSF0931"
"75697_2","BRN HOOD","F",NA,NA,NA,"75235_1","75261_2",NA,"WHSF1046","3500","LMRM","WHSM0959","WHSF0946"
"75701_2","BRN HOOD","F",NA,NA,NA,"75113_1","75122_6",NA,"WHSF1064","3500","RB","WHSM0921","WHSF0964"
"75712_2","BLK HOOD","F",NA,NA,NA,"75190_1","75167_2",NA,"WHSF1014B","3500","LTRT","WHSM0917","WHSF0914B"
"75713_2","BLACK","F",NA,NA,NA,"75130_1","75109_2",NA,"WHSF1048B","3500","LT","WHSM0910","WHSF0948B"
"75711_2","BROWN","F",NA,NA,NA,"75217_1","75237_2",NA,"WHSF1054B","3500","RM","WHSM0939","WHSF0954B"
"75700_2","BROWN","F",NA,NA,NA,"75166_1","75188_2",NA,"WHSF1063B","3500","LC","WHSM0920B","WHSF0963B"
"75698_2","BLK HOOD","F",NA,NA,NA,"75133_1","75158_2",NA,"WHSF1065B","3500","LT","WHSM0954","WHSF0965B"
"75708_2","BROWN","F",NA,NA,NA,"75073_1","75065_2",NA,"WHSF1012","3500","RC","WHSM0928B","WHSF0912"
"75704_2","ALBINO","F",NA,NA,NA,"75170_1","75143_2",NA,"WHSF1028","3500","LM","WHSM0931","WHSF0928"
"75707_2","BROWN","F",NA,NA,NA,"75192_1","75191_2",NA,"WHSF1042","3500","RT","WHSM0951B","WHSF0942"
"75699_2","BLK HOOD","F",NA,NA,NA,"75204_1","75230_1",NA,"WHSF1023B","3500","LM","WHSM0907C","WHSF0923B"
"75703_2","BLACK","F",NA,NA,NA,"75186_1","75145_2",NA,"WHSF1032B","3500","RT","WHSM0916B","WHSF0932B"
"75709_2","BROWN","F",NA,NA,NA,"75236_1","75204_2",NA,"WHSF1007C","3500","RB","WHSM0904B","WHSF0907C"
"75738_2","ALBINO","F",NA,NA,NA,"75067_1","75138_2",NA,"WHSF1045","3500","LC","WHSM0904","WHSF0945"
"75736_2","ALBINO","F",NA,NA,NA,"75188_1","75235_2",NA,"WHSF1059","3500","RT","WHSM0963B","WHSF0959"
"75735_2","BLK HOOD","F",NA,NA,NA,"75164_1","75144_2",NA,"WHSF1038B","3500","LB","WHSM0961","WHSF0938B"
"75739_2","BLACK","F",NA,NA,NA,"75071_1","75112_2",NA,"WHSF1064B","3500","RB","WHSM0905","WHSF0964B"
"75742_2","BLACK","F",NA,NA,NA,"75191_1","75142_2",NA,"WHSF1038","3500","LB","WHSM0942","WHSF0938"
"75761_2","BRN HOOD","F",NA,NA,NA,"75128_1","75086_2",NA,"WHSF1041","3500","LC","WHSM0953","WHSF0941"
"75740_2","BLK HOOD","F",NA,NA,NA,"75069_1","75111_2",NA,"WHSF1048","3500","LBRB","WHSM0950","WHSF0948"
"75744_2","BLK HOOD","F",NA,NA,NA,"75136_1","75092_2",NA,"WHSF1056","3500","LMRM","WHSM0909","WHSF0956"
"75760_2","BLACK","F",NA,NA,NA,"75110_1","75129_2",NA,"WHSF1063","3500","LC","WHSM0907","WHSF0963"
"75741_2","BROWN","F",NA,NA,NA,"75143_1","75187_2",NA,"WHSF1022B","3500","LTRT","WHSM0928","WHSF0922B"
"75758_3","BROWN","F",NA,NA,NA,"75189_1","75127_2",NA,"WHSF1008","3500","LTRM","WHSM0905B","WHSF0908"
"75758_4","BLACK","F",NA,NA,NA,"75189_1","75127_2",NA,"WHSF1008B","3500","RM","WHSM0905B","WHSF0908"
"75755_3","BRN HOOD","F",NA,NA,NA,"75134_1","75094_2",NA,"WHSF1020","3500","LTRM","WHSM0924","WHSF0920"
"75755_4","BRN HOOD","F",NA,NA,NA,"75134_1","75094_2",NA,"WHSF1020D","3500","LTRB","WHSM0924","WHSF0920"
"75751_3","BRN HOOD","F",NA,NA,NA,"75132_1","75185_2",NA,"WHSF1034","3500","LMRB","WHSM0957","WHSF0934"
"75751_4","BROWN","F",NA,NA,NA,"75132_1","75185_2",NA,"WHSF1034B","3500","LTRB","WHSM0957","WHSF0934"
"75759_3","BLK HOOD","F",NA,NA,NA,"75236_1","75204_2",NA,"WHSF1007B","3500","LTRC","WHSM0904B","WHSF0907C"
"75759_4","BLK HOOD","F",NA,NA,NA,"75236_1","75204_2",NA,"WHSF1007E","3500","LMRT","WHSM0904B","WHSF0907C"
"75754_3","BRN HOOD","F",NA,NA,NA,"75203_1","75166_2",NA,"WHSF1020B","3500","RC","WHSM0962B","WHSF0920B"
"75754_4","BRN HOOD","F",NA,NA,NA,"75203_1","75166_2",NA,"WHSF1020C","3500","RM","WHSM0962B","WHSF0920B"
"75757_3","BLK HOOD","F",NA,NA,NA,"75139_1","75090_2",NA,"WHSF1037B","3500","LTRM","WHSM0946B","WHSF0937B"
"75757_4","BLK HOOD","F",NA,NA,NA,"75139_1","75090_2",NA,"WHSF1037C","3500","LTRB","WHSM0946B","WHSF0937B"
"75750_3","BRN HOOD","F",NA,NA,NA,"75129_1","75085_2",NA,"WHSF1001","3500","LTRC","WHSM0963","WHSF0901"
"75750_4","BRN HOOD","F",NA,NA,NA,"75129_1","75085_2",NA,"WHSF1001B","3500","LBRT","WHSM0963","WHSF0901"
"75756_3","BLK HOOD","F",NA,NA,NA,"75109_1","75078_2",NA,"WHSF1023","3500","LBRT","WHSM0948B","WHSF0923"
"75756_4","BLK HOOD","F",NA,NA,NA,"75109_1","75078_2",NA,"WHSF1023D","3500","LBRM","WHSM0948B","WHSF0923"
"75753_3","BLK HOOD","F",NA,NA,NA,"75172_1","75114_2",NA,"WHSF1044","3500","LMRB","WHSM0926B","WHSF0944"
"75753_4","BLK HOOD","F",NA,NA,NA,"75172_1","75114_2",NA,"WHSF1044B","3500","LMRC","WHSM0926B","WHSF0944"
"75752_3","ALBINO","F",NA,NA,NA,"75285_1","75236_2",NA,"WHSF1004B","3500","LB","WHSM0941B","WHSF0904B"
"75752_4","ALBINO","F",NA,NA,NA,"75285_1","75236_2",NA,"WHSF1004C","3500","RM","WHSM0941B","WHSF0904B"
"75749_3","BRN HOOD","F",NA,NA,NA,"75261_1","75217_2",NA,"WHSF1039","3500","LBRM","WHSM0946","WHSF0939"
"75749_4","BLK HOOD","F",NA,NA,NA,"75261_1","75217_2",NA,"WHSF1039B","3500","LBRC","WHSM0946","WHSF0939"
"75762_3","ALBINO","F",NA,NA,NA,"75096_1","75066_2",NA,"WHSF1040","3500","RB","WHSM0907B","WHSF0940"
"75762_4","BRN HOOD","F",NA,NA,NA,"75096_1","75066_2",NA,"WHSF1040B","3500","LMRT","WHSM0907B","WHSF0940"
"75771_3","BROWN","F",NA,NA,NA,"75065_1","75140_2",NA,"WHSF1052","3500","RB","WHSM0912","WHSF0952"
"75771_4","BROWN","F",NA,NA,NA,"75065_1","75140_2",NA,"WHSF1052B","3500","LMRB","WHSM0912","WHSF0952"
"75776_3","BLK HOOD","F",NA,NA,NA,"75112_1","75169_2",NA,"WHSF1060","3500","LCRM","WHSM0964B","WHSF0960"
"75776_4","BRN HOOD","F",NA,NA,NA,"75112_1","75169_2",NA,"WHSF1060D","3500","LBRC","WHSM0964B","WHSF0960"
"75775_3","BLK HOOD","F",NA,NA,NA,"75140_1","75207_2",NA,"WHSF1002B","3500","LCRT","WHSM0952","WHSF0902B"
"75775_4","BRN HOOD","F",NA,NA,NA,"75140_1","75207_2",NA,"WHSF1002C","3500","LBRB","WHSM0952","WHSF0902B"
"75772_3","BROWN","F",NA,NA,NA,"75146_1","75205_2",NA,"WHSF1021B","3500","LTRC","WHSM0907D","WHSF0921B"
"75772_4","BROWN","F",NA,NA,NA,"75146_1","75205_2",NA,"WHSF1021C","3500","LMRT","WHSM0907D","WHSF0921B"
"75808_3","BROWN","F",NA,NA,NA,"75205_1","75141_2",NA,"WHSF1019","3500","LBRM","WHSM0921B","WHSF0919"
"75808_4","BRN HOOD","F",NA,NA,NA,"75205_1","75141_2",NA,"WHSF1019B","3500","LCRB","WHSM0921B","WHSF0919"
"75803_3","BLACK","F",NA,NA,NA,"75158_1","75072_2",NA,"WHSF1022","3500","LTRM","WHSM0965B","WHSF0922"
"75803_4","ALBINO","F",NA,NA,NA,"75158_1","75072_2",NA,"WHSF1022D","3500","LMRM","WHSM0965B","WHSF0922"
"75805_3","BRN HOOD","F",NA,NA,NA,"75070_1","75157_2",NA,"WHSF1035","3500","LCRT","WHSM0902","WHSF0935"
"75805_4","BRN HOOD","F",NA,NA,NA,"75070_1","75157_2",NA,"WHSF1035B","3500","LCRM","WHSM0902","WHSF0935"
"75809_3","ALBINO","F",NA,NA,NA,"75114_1","75206_2",NA,"WHSF1047","3500","LTRT","WHSM0944","WHSF0947"
"75809_4","ALBINO","F",NA,NA,NA,"75114_1","75206_2",NA,"WHSF1047B","3500","RC","WHSM0944","WHSF0947"
"75802_2","BLK HOOD","F",NA,NA,NA,"75184_1","75069_2",NA,"WHSF1050","3500","LCRB","WHSM0927B","WHSF0950"
"75802_3","BLK HOOD","F",NA,NA,NA,"75184_1","75069_2",NA,"WHSF1050D","3500","LCRC","WHSM0927B","WHSF0950"
"75804_3","BLACK","F",NA,NA,NA,"75197_1","75133_2",NA,"WHSF1054","3500","RC","WHSM0906","WHSF0954"
"75804_4","BLACK","F",NA,NA,NA,"75197_1","75133_2",NA,"WHSF1054D","3500","LTRT","WHSM0906","WHSF0954"
"75806_3","ALBINO","F",NA,NA,NA,"75089_1","75189_2",NA,"WHSF1005B","3500","LTRM","WHSM0923B","WHSF0905B"
"75806_4","ALBINO","F",NA,NA,NA,"75089_1","75189_2",NA,"WHSF1005C","3500","LTRB","WHSM0923B","WHSF0905B"
"75816_3","BROWN","F",NA,NA,NA,"75074_1","75172_2",NA,"WHSF1026B","3500","LMRC","WHSM0962","WHSF0926B"
"75816_4","BROWN","F",NA,NA,NA,"75074_1","75172_2",NA,"WHSF1026C","3500","LCRT","WHSM0962","WHSF0926B"
"75797_3","BLK HOOD","F",NA,NA,NA,"75076_1","75147_2",NA,"WHSF1025","3500","LT","WHSM0914","WHSF0925"
"75800_3","BLACK","F",NA,NA,NA,"75171_1","75071_2",NA,"WHSF1005","3500","LTRB","WHSM0918B","WHSF0905"
"75800_4","BLACK","F",NA,NA,NA,"75171_1","75071_2",NA,"WHSF1005D","3500","LTRC","WHSM0918B","WHSF0905"
"75799_3","BROWN","F",NA,NA,NA,"75167_1","75077_2",NA,"WHSF1016","3500","LBRB","WHSM0914B","WHSF0916"
"75799_4","BROWN","F",NA,NA,NA,"75167_1","75077_2",NA,"WHSF1016D","3500","LBRC","WHSM0914B","WHSF0916"
"75807_3","BRN HOOD","F",NA,NA,NA,"75187_1","75113_2",NA,"WHSF1021","3500","LB","WHSM0922B","WHSF0921"
"75807_4","BRN HOOD","F",NA,NA,NA,"75187_1","75113_2",NA,"WHSF1021D","3500","LC","WHSM0922B","WHSF0921"
"75801_3","ALBINO","F",NA,NA,NA,"75183_1","75097_2",NA,"WHSF1036","3500","LTRC","WHSM0943","WHSF0936"
"75801_4","ALBINO","F",NA,NA,NA,"75183_1","75097_2",NA,"WHSF1036D","3500","LMRT","WHSM0943","WHSF0936"
"75810_3","ALBINO","F",NA,NA,NA,"75202_1","75132_2",NA,"WHSF1057","3500","LMRB","WHSM0924B","WHSF0957"
"75810_4","ALBINO","F",NA,NA,NA,"75202_1","75132_2",NA,"WHSF1057B","3500","LMRC","WHSM0924B","WHSF0957"
"75811_3","BRN HOOD","F",NA,NA,NA,"75091_1","75159_2",NA,"WHSF1065","3500","LCRC","WHSM0951","WHSF0965"
"75811_4","BRN HOOD","F",NA,NA,NA,"75091_1","75159_2",NA,"WHSF1065D","3500","LT","WHSM0951","WHSF0965"
"75815_3","BLACK","F",NA,NA,NA,"75086_1","75135_2",NA,"WHSF1010B","3500","LMRT","WHSM0941","WHSF0910B"
"75815_4","BLK HOOD","F",NA,NA,NA,"75086_1","75135_2",NA,"WHSF1010C","3500","LTRT","WHSM0941","WHSF0910B"
"75798_3","BLK HOOD","F",NA,NA,NA,"75079_1","75139_2",NA,"WHSF1046B","3500","LM","WHSM0913","WHSF0946B"
"75798_4","BRN HOOD","F",NA,NA,NA,"75079_1","75139_2",NA,"WHSF1046C","3500","LM","WHSM0913","WHSF0946B"
"75822_3","ALBINO","F",NA,NA,NA,"75111_1","75067_2",NA,"WHSF1004","3500","RM","WHSM0948","WHSF0904"
"75822_4","BLACK","F",NA,NA,NA,"75111_1","75067_2",NA,"WHSF1004D","3500","LM","WHSM0948","WHSF0904"
"75825_3","BLACK","F",NA,NA,NA,"75135_1","75297_2",NA,"WHSF1018","3500","LT","WHSM0910B","WHSF0918"
"75821_3","BRN HOOD","F",NA,NA,NA,"75081_1","75337_2",NA,"WHSF1032","3500","RT","WHSM0933","WHSF0932"
"75821_4","ALBINO","F",NA,NA,NA,"75081_1","75337_2",NA,"WHSF1032D","3500","LT","WHSM0933","WHSF0932"
"75824_3","BLACK","F",NA,NA,NA,"75066_1","75281_2",NA,"WHSF1037","3500","RT","WHSM0940","WHSF0937"
"75824_4","BLACK","F",NA,NA,NA,"75066_1","75281_2",NA,"WHSF1037D","3500","RM","WHSM0940","WHSF0937"
"75820_3","BLK HOOD","F",NA,NA,NA,"75090_1","75287_2",NA,"WHSF1060B","3500","LB","WHSM0937B","WHSF0960B"
"75820_4","BROWN","F",NA,NA,NA,"75090_1","75287_2",NA,"WHSF1060D","3500","LT","WHSM0937B","WHSF0960B"
"75834_3","BLK HOOD","F",NA,NA,NA,"75098_1","75201_2",NA,"WHSF1036B","3500","RT","WHSM0903","WHSF0936B"
"75834_4","ALBINO","F",NA,NA,NA,"75098_1","75201_2",NA,"WHSF1036C","3500","LM","WHSM0903","WHSF0936B"
"75823_3","BLK HOOD","F",NA,NA,NA,"75068_1","75203_2",NA,"WHSF1062B","3500","LC","WHSM0915","WHSF0962B"
"75823_4","BROWN","F",NA,NA,NA,"75068_1","75203_2",NA,"WHSF1062C","3500","RM","WHSM0915","WHSF0962B"
"75833_3","BLACK","F",NA,NA,NA,"75078_1","75285_2",NA,"WHSF1041B","3500","LC","WHSM0923","WHSF0941B"
"75833_4","BLACK","F",NA,NA,NA,"75078_1","75285_2",NA,"WHSF1041C","3500","RB","WHSM0923","WHSF0941B"
"75830_3","BRN HOOD","F",NA,NA,NA,"75297_1","75080_2",NA,"WHSF1049","3500","RM","WHSM0918","WHSF0949"
"75830_4","BRN HOOD","F",NA,NA,NA,"75297_1","75080_2",NA,"WHSF1049B","3500","RC","WHSM0918","WHSF0949"
"75896_3","BRN HOOD","F",NA,NA,NA,"75287_1","75146_2",NA,"WHSF1007H","3500","LTRC","WHSM0960B","WHSF0907D"
"75896_4","BRN HOOD","F",NA,NA,NA,"75287_1","75146_2",NA,"WHSF1007I","3500","LMRT","WHSM0960B","WHSF0907D"
"75832_2","BLK HOOD","F",NA,NA,NA,"75206_1","75079_2",NA,"WHSF1013","3500","LTRB","WHSM0947","WHSF0913"
"75832_3","ALBINO","F",NA,NA,NA,"75206_1","75079_2",NA,"WHSF1013B","3500","LB","WHSM0947","WHSF0913"
"75831_3","BLACK","F",NA,NA,NA,"75337_1","75081_2",NA,"WHSF1033","3500","LB","WHSM0932","WHSF0933"
"75827_2","BRN HOOD","F",NA,NA,NA,"75157_1","75190_2",NA,"WHSF1017B","3500","LTRT","WHSM0935","WHSF0917"
"75829_3","BRN HOOD","F",NA,NA,NA,"75207_1","75091_2",NA,"WHSF1051","3500","LTRM","WHSM0902B","WHSF0951"
"75829_4","BRN HOOD","F",NA,NA,NA,"75207_1","75091_2",NA,"WHSF1051D","3500","LTRB","WHSM0902B","WHSF0951"
"75826_2","BRN HOOD","F",NA,NA,NA,"75156_1","75184_2",NA,"WHSF1027C","3500","RC","WHSM0955","WHSF0927B"
"75828_3","BLACK","F",NA,NA,NA,"75237_1","75192_2",NA,"WHSF1051B","3500","RC","WHSM0954B","WHSF0951B"
"75828_4","BROWN","F",NA,NA,NA,"75237_1","75192_2",NA,"WHSF1051C","3500","LM","WHSM0954B","WHSF0951B"
"75842_3","BLACK","F",NA,NA,NA,"75393_1","75110_2",NA,"WHSF1007","3500","LMRM","WHSM0920","WHSF0907"
"75837_2","BLACK","F",NA,NA,NA,"75137_1","75134_2",NA,"WHSF1024D","3500","LTRT","WHSM0926","WHSF0924"
"75840_2","BLK HOOD","F",NA,NA,NA,"75085_1","75095_2",NA,"WHSF1027D","3500","RB","WHSM0901","WHSF0927"
"75838_2","ALBINO","F",NA,NA,NA,"75192_1","75191_2",NA,"WHSF1042B","3500","LC","WHSM0951B","WHSF0942"
"75839_2","BRN HOOD","F",NA,NA,NA,"75122_5","75156_2",NA,"WHSF1055D","3500","LMRB","WHSM0964","WHSF0955"
"75835_2","BLK HOOD","F",NA,NA,NA,"75190_1","75167_2",NA,"WHSF1014C","3500","RM","WHSM0917","WHSF0914B"
"75841_2","ALBINO","F",NA,NA,NA,"75169_1","75171_2",NA,"WHSF1018C","3500","RT","WHSM0960","WHSF0918B"
"75836_2","BLACK","F",NA,NA,NA,"75130_1","75109_2",NA,"WHSF1048C","3500","LTRM","WHSM0910","WHSF0948B"
"75854_3","BROWN","F",NA,NA,NA,"75141_1","75073_2",NA,"WHSF1028B","3500","LB","WHSM0919","WHSF0928B"
"75854_4","BROWN","F",NA,NA,NA,"75141_1","75073_2",NA,"WHSF1028C","3500","LC","WHSM0919","WHSF0928B"
"75847_2","BRN HOOD","F",NA,NA,NA,"75217_1","75237_2",NA,"WHSF1054C","3500","LMRM","WHSM0939","WHSF0954B"
"75920_3","BROWN","F",NA,NA,NA,"75185_1","75070_2",NA,"WHSF1002","3500","RT","WHSM0934","WHSF0902"
"75920_4","BRN HOOD","F",NA,NA,NA,"75185_1","75070_2",NA,"WHSF1002D","3500","LMRC","WHSM0934","WHSF0902"
"75924_2","BLK HOOD","F",NA,NA,NA,"75095_1","75197_2",NA,"WHSF1006B","3500","LTRC","WHSM0927","WHSF0906"
"75919_2","ALBINO","F",NA,NA,NA,"75138_1","75130_2",NA,"WHSF1010D","3500","RB","WHSM0945","WHSF0910"
"75923_2","BLK HOOD","F",NA,NA,NA,"75072_1","75076_2",NA,"WHSF1014D","3500","LTRM","WHSM0922","WHSF0914"
"75921_2","BLK HOOD","F",NA,NA,NA,"75080_1","75068_2",NA,"WHSF1015C","3500","RC","WSHM0949","WHSF0915"
"75922_2","BROWN","F",NA,NA,NA,"75166_1","75188_2",NA,"WHSF1063C","3500","RB","WHSM0920B","WHSF0963B"
"75925_2","BLACK","F",NA,NA,NA,"75133_1","75158_2",NA,"WHSF1065C","3500","LMRB","WHSM0954","WHSF0965B"
"75891_4","BLACK","F",NA,NA,NA,"75201_1","75074_2",NA,"WHSF1062D","3500","LCRB","WHSM0936B","WHSF0962"
"75928_2","BROWN","F",NA,NA,NA,"75097_1","75098_2",NA,"WHSF1003B","3500","LTRT","WHSM0937","WHSF0904"
"75926_2","BLK HOOD","F",NA,NA,NA,"75188_1","75235_2",NA,"WHSF1059B","3500","LMRT","WHSM0963B","WHSF0959"
"75929_2","BRN HOOD","F",NA,NA,NA,"75204_1","75230_1",NA,"WHSF1023C","3500","LBRT","WHSM0907C","WHSF0923B"
"75940_2","BLK HOOD","F",NA,NA,NA,"75186_1","75145_2",NA,"WHSF1032C","3500","LMRC","WHSM0916B","WHSF0932B"
"75927_2","BROWN","F",NA,NA,NA,"75236_1","75204_2",NA,"WHSF1007G","3500","RC","WHSM0904B","WHSF0907C"
"75937_2","BROWN","F",NA,NA,NA,"75073_1","75065_2",NA,"WHSF1012B","3500","LTRB","WHSM0928B","WHSF0912"
"75938_2","ALBINO","F",NA,NA,NA,"75067_1","75138_2",NA,"WHSF1045B","3500","RC","WHSM0904","WHSF0945"
"75867_2","BROWN","F",NA,NA,NA,"75110_1","75129_2",NA,"WHSF1063D","3500","LTRM","WHSM0907","WHSF0963"
"75936_2","BLACK","F",NA,NA,NA,"75164_1","75144_2",NA,"WHSF1038C","3500","LMRC","WHSM0961","WHSF0938B"
"75859_2","ALBINO","F",NA,NA,NA,"75170_1","75143_2",NA,"WHSF1028D","3500","LTRT","WHSM0931","WHSF0928"
"75856_2","BLK HOOD","F",NA,NA,NA,"75136_1","75092_2",NA,"WHSF1056B","3500","LMRM","WHSM0909","WHSF0956"
"75861_2","BRN HOOD","F",NA,NA,NA,"75113_1","75122_6",NA,"WHSF1064D","3500","LBRM","WHSM0921","WHSF0964"
"75866_2","BRN HOOD","F",NA,NA,NA,"75128_1","75086_2",NA,"WHSF1041D","3500","LBRB","WHSM0953","WHSF0941"
"75865_2","BLK HOOD","F",NA,NA,NA,"75145_1","75164_2",NA,"WHSF1061B","3500","LMRB","WHSM0932B","WHSF0961"
"75941_2","BRN HOOD","F",NA,NA,NA,"75159_1","75170_2",NA,"WHSF1031B","3500","LBRC","WHSM0965","WHSF0931"
"75942_2","BLACK","F",NA,NA,NA,"75191_1","75142_2",NA,"WHSF1038D","3500","LBRT","WHSM0942","WHSF0938"
"75884_2","BRN HOOD","F",NA,NA,NA,"75235_1","75261_2",NA,"WHSF1046D","3500","LCRT","WHSM0959","WHSF0946"
"75886_2","BRN HOOD","F",NA,NA,NA,"75069_1","75111_2",NA,"WHSF1048D","3500","LCRM","WHSM0950","WHSF0948"
"75875_1","ALBINO","F",NA,NA,NA,"75076_1","75147_2",NA,"WHSF1025B","3500","LRTM","WHSM0914","WHSF0925"
"75899_2","ALBINO","F",NA,NA,NA,"75143_1","75187_2",NA,"WHSF1022C","3500","LMRC","WHSM0928","WHSF0922B"
"75882_2","BLACK","F",NA,NA,NA,"75144_1","75183_2",NA,"WHSF1043B","3500","LBRM","WHSM0938B","WHSF0943"
"75891_3","BLACK","F",NA,NA,NA,"75201_1","75074_2",NA,"WHSF1062","3500","LBRB","WHSM0936B","WHSF0962"
"75933_1","BLK HOOD","F",NA,NA,NA,"75393_1","75110_2",NA,"WHSF1007F","3500","LBRT","WHSM0920","WHSF0907"
"75953_3","ALBINO","F",NA,NA,NA,"75092_1","75136_2",NA,"WHSF1009","3500","LTRB","WHSM0956","WHSF0909"
"75953_4","ALBINO","F",NA,NA,NA,"75092_1","75136_2",NA,"WHSF1009B","3500","LMRM","WHSM0956","WHSF0909"
"75917_1","BLACK","F",NA,NA,NA,"75135_1","75297_2",NA,"WHSF1018D","3500","LBRC","WHSM0910B","WHSF0918"
"76013_2",NA,"F",NA,NA,NA,"75142_1","75137_2",NA,"WHSF1026D","3500",NA,"WHSM0938","WHSF0926"
"75970_1","BLACK","F",NA,NA,NA,"75144_1","75183_2",NA,"WHSF1043","3500","LCRM","WHSM0938B","WHSF0943"
"75949_1","ALBINO","F",NA,NA,NA,"75281_1","75128_2",NA,"WHSF1053","3500","LBRT","WHSM0937","WHSF0953"
"75949_2","BLACK","F",NA,NA,NA,"75281_1","75128_2",NA,"WHSF1053B","3500","LCRT","WHSM0937","WHSF0953"
"76007_2","BROWN","F",NA,NA,NA,"75071_1","75112_2",NA,"WHSF1064C","3500","LTRC","WHSM0905","WHSF0964B"
"76182_1","BRN HOOD","M",NA,NA,NA,"75834_2","75750_3",NA,"WHSM1101","3600","LMRB","WHSM1036C","WHSF1001"
"76242_1","BROWN","M",NA,NA,NA,"75709_1","75920_3",NA,"WHSM1102","3600","RB","WHSM1007C","WHSF1002"
"76047_1","ALBINO","M",NA,NA,NA,"75698_1","75706_2",NA,"WHSM1103","3600","LT","WHSM1065B","WHSF1003"
"76348_1","BRN HOOD","M",NA,NA,NA,"75705_1","75822_3",NA,"WHSM1104","3600","LBRM","WHSM1006","WHSF1004"
"76239_1","BLACK","M",NA,NA,NA,"75707_1","75800_3",NA,"WHSM1105","3600","LMRB","WHSM1042","WHSF1005"
"76062_1","ALBINO","M",NA,NA,NA,"75761_1","75705_2",NA,"WHSM1106","3600","RT","WHSM1041","WHSF1006"
"76244_1","BLK HOOD","M",NA,NA,NA,"75756_1","75842_3",NA,"WHSM1107","3600","LBRT","WHSM1023","WHSF1007"
"76046_1","BLACK","M",NA,NA,NA,"75708_1","75758_3",NA,"WHSM1108","3600","RT","WHSM1012","WHSF1008"
"76324_1","ALBINO","M",NA,NA,NA,"75759_2","75953_3",NA,"WHSM1109","3600","LMRB","WHSM1007E","WHSF1009"
"76057_1","BRN HOOD","M",NA,NA,NA,"75771_1","75693_2",NA,"WHSM1110","3600","LM","WHSM1052","WHSF1010"
"76280_1","BROWN","M",NA,NA,NA,"75842_1","75708_2",NA,"WHSM1112","3600","RC","WHSM1007","WHSF1012"
"76154_1","BLK HOOD","M",NA,NA,NA,"75801_2","75832_2",NA,"WHSM1113","3600","RM","WHSM1036D","WHSF1013"
"76206_1","BRN HOOD","M",NA,NA,NA,"75752_2","75692_2",NA,"WHSM1114","3600","LTRT","WHSM1004C","WHSF1014"
"76159_1","BRN HOOD","M",NA,NA,NA,"75754_1","75714_2",NA,"WHSM1115","3600","RB","WHSM1020B","WHSF1015"
"76112_1","BLK HOOD","M",NA,NA,NA,"75776_1","75799_3",NA,"WHSM1116","3600","LM","WHSM1060","WHSF1016"
"76147_1","BLK HOOD","M",NA,NA,NA,"75760_1","75696_1",NA,"WHSM1117","3600","LC","WHSM1063","WHSF1017"
"76202_1","BLACK","M",NA,NA,NA,"75925_1","75825_3",NA,"WHSM1118","3600","LMRM","WHSM1065C","WHSF1018"
"76063_1","BROWN","M",NA,NA,NA,"75810_1","75808_3",NA,"WHSM1119","3600","RT","WHSM1057","WHSF1019"
"76217_1","BRN HOOD","M",NA,NA,NA,"75896_1","75755_3",NA,"WHSM1120","3600","LTRM","WHSM1007H","WHSF1020"
"76081_1","BRN HOOD","M",NA,NA,NA,"75806_1","75807_3",NA,"WHSM1121","3600","RM","WHSM1005B","WHSF1021"
"76472_1","BRN HOOD","M",NA,NA,NA,"75802_1","75803_3",NA,"WHSM1122","3600","LCRM","WHSM1050","WHSF1022"
"76144_1","BLK HOOD","M",NA,NA,NA,"75701_1","75756_3",NA,"WHSM1123","3600","RB","WHSM1064","WHSF1023"
"76040_1","BLK HOOD","M",NA,NA,NA,"75743_1","75731_2",NA,"WHSM1124","3600","RT","WHSM1043","WHSF1024"
"76226_1","BLK HOOD","M",NA,NA,NA,"75685_1","75797_3",NA,"WHSM1125","3600","LTRC","WHSM1027B","WHSF1025"
"76045_1","BLACK","M",NA,NA,NA,"75692_1","75710_2",NA,"WHSM1126","3600","LT","WHSM1014","WHSF1026"
"76061_1","BRN HOOD","M",NA,NA,NA,"75697_1","75688_2",NA,"WHSM1127","3600","LT","WHSM1046","WHSF1027"
"76184_1","BLK HOOD","M",NA,NA,NA,"75807_1","75704_2",NA,"WHSM1128","3600","LTRM","WHSM1021","WHSF1028"
"76268_1","BLK HOOD","M",NA,NA,NA,"75831_1","75702_2",NA,"WHSM1131","3600","LMRT","WHSM1033","WHSF1031"
"76448_1","BRN HOOD","M",NA,NA,NA,"75896_2","75821_3",NA,"WHSM1132","3600","LBRT","WHSM1007I","WHSF1032"
"76228_1","BLACK","M",NA,NA,NA,"75713_1","75831_3",NA,"WHSM1133","3600","LTRM","WHSM1048B","WHSF1033"
"76083_1","BRN HOOD","M",NA,NA,NA,"75833_1","75805_3",NA,"WHSM1135","3600","RT","WHSM1041B","WHSF1035"
"76082_1","ALBINO","M",NA,NA,NA,"75809_1","75801_3",NA,"WHSM1136","3600","LM","WHSM1047","WHSF1036"
"76092_1","ALBINO","M",NA,NA,NA,"75797_2","75824_3",NA,"WHSM1137","3600","LB","WHSM1025B","WHSF1037"
"76058_1","BLACK","M",NA,NA,NA,"75815_1","75742_2",NA,"WHSM1138","3600","RM","WHSM1010B","WHSF1038"
"76188_1","BLK HOOD","M",NA,NA,NA,"75834_1","75749_3",NA,"WHSM1139","3600","RC","WHSM1036B","WHSF1039"
"76167_1","BLK HOOD","M",NA,NA,NA,"75820_1","75762_3",NA,"WHSM1140","3600","LC","WHSM1060B","WHSF1040"
"76080_1","BROWN","M",NA,NA,NA,"75703_1","75761_2",NA,"WHSM1141","3600","LM","WHSM1032B","WHSF1041"
"76190_1","BLACK","M",NA,NA,NA,"75797_1","75707_2",NA,"WHSM1142","3600","LB","WHSM1025","WHSF1042"
"76354_1","BROWN","M",NA,NA,NA,"75927_1","75970_1",NA,"WHSM1143","3600","LTRM","WHSM1007G","WHSF1043"
"76432_1","BLACK","M",NA,NA,NA,"75830_2","75753_3",NA,"WHSM1144","3600","LBRT","WHSM1049B","WHSF1044"
"76187_1","ALBINO","M",NA,NA,NA,"75828_1","75738_2",NA,"WHSM1145","3600","LTRB","WHSM1051B","WHSF1045"
"76278_1","BLK HOOD","M",NA,NA,NA,"75827_1","75697_2",NA,"WHSM1146","3600","LMRM","WHSM1017","WHSF1046"
"76060_1","ALBINO","M",NA,NA,NA,"75816_1","75809_3",NA,"WHSM1147","3600","LM","WHSM1026B","WHSF1047"
"76153_1","BRN HOOD","M",NA,NA,NA,"75775_1","75740_2",NA,"WHSM1148","3600","LB","WHSM1002B","WHSF1048"
"76149_1","BRN HOOD","M",NA,NA,NA,"75811_2","75830_3",NA,"WHSM1149","3600","LTRB","WHSM1065D","WHSF1049"
"76151_1","BLACK","M",NA,NA,NA,"75822_2","75802_2",NA,"WHSM1150","3600","LTRT","WHSM1004D","WHSF1050"
"76223_1","BRN HOOD","M",NA,NA,NA,"75757_2","75829_3",NA,"WHSM1151","3600","LMRT","WHSM1037C","WHSF1051"
"76372_1","BROWN","M",NA,NA,NA,"75711_1","75771_3",NA,"WHSM1152","3600","LMRT","WHSM1054B","WHSF1052"
"76355_1","BRN HOOD","M",NA,NA,NA,"75952_1","75949_1",NA,"WHSM1153","3600","LBRB","WHSM1050D","WHSF1053"
"76211_1","BROWN","M",NA,NA,NA,"75839_1","75804_3",NA,"WHSM1154","3600","RM","WHSM1055D","WHSF1054"
"76195_1","ALBINO","M",NA,NA,NA,"75824_1","75680_2",NA,"WHSM1155","3600","LTRC","WHSM1037","WHSF1055"
"76221_1","BROWN","M",NA,NA,NA,"75811_1","75744_2",NA,"WHSM1156","3600","LMRM","WHSM1065","WHSF1056"
"76205_1","ALBINO","M",NA,NA,NA,"75738_1","75810_3",NA,"WHSM1157","3600","LMRM","WHSM1045","WHSF1057"
"76059_1","ALBINO","M",NA,NA,NA,"75800_1","75736_2",NA,"WHSM1159","3600","RM","WHSM1005","WHSF1059"
"76189_1","BLK HOOD","M",NA,NA,NA,"75829_1","75776_3",NA,"WHSM1160","3600","LTRT","WHSM1051","WHSF1060"
"76054_1","BROWN","M",NA,NA,NA,"75752_1","75691_2",NA,"WHSM1161","3600","LT","WHSM1004B","WHSF1061"
"76388_4","BRN HOOD","M",NA,NA,NA,"75866_1","75891_3",NA,"WHSM1162","3600","LBRC","WHSM1041D","WHSF1062"
"76208_1","ALBINO","M",NA,NA,NA,"75798_2","75760_2",NA,"WHSM1163","3600","LMRT","WHSM1046C","WHSF1063"
"76207_1","BLK HOOD","M",NA,NA,NA,"75798_1","75701_2",NA,"WHSM1164","3600","LMRB","WHSM1046B","WHSF1064"
"76240_1","BLACK","M",NA,NA,NA,"75744_1","75811_3",NA,"WHSM1165","3600","LTRC","WHSM1056","WHSF1065"
"76166_1","BLACK","M",NA,NA,NA,"75825_1","75775_3",NA,"WHSM1102B","3600","LM","WHSM1018","WHSF1002B"
"76152_1","BRN HOOD","M",NA,NA,NA,"75805_1","75752_3",NA,"WHSM1104B","3600","LC","WHSM1035","WHSF1004B"
"76157_1","ALBINO","M",NA,NA,NA,"75823_1","75806_3",NA,"WHSM1105B","3600","LTRM","WHSM1062B","WHSF1005B"
"76224_1","BLACK","M",NA,NA,NA,"75824_2","75759_3",NA,"WHSM1107B","3600","LTRB","WHSM1037D","WHSF1007B"
"76203_1","BLACK","M",NA,NA,NA,"75706_1","75815_3",NA,"WHSM1110B","3600","LC","WHSM1003","WHSF1010B"
"76109_1","ALBINO","M",NA,NA,NA,"75700_1","75712_2",NA,"WHSM1114B","3600","LC","WHSM1063B","WHSF1014B"
"76056_1","BLK HOOD","M",NA,NA,NA,"75757_1","75694_2",NA,"WHSM1118B","3600","LT","WHSM1037B","WHSF1018B"
"76168_1","BRN HOOD","M",NA,NA,NA,"75712_1","75754_3",NA,"WHSM1120B","3600","RC","WHSM1014B","WHSF1020B"
"76165_1","BLACK","M",NA,NA,NA,"75753_1","75772_3",NA,"WHSM1121B","3600","RC","WHSM1044","WHSF1021B"
"76156_1","ALBINO","M",NA,NA,NA,"75799_1","75741_2",NA,"WHSM1122B","3600","LTRT","WHSM1016","WHSF1022B"
"76215_1","BRN HOOD","M",NA,NA,NA,"75701_1","75756_3",NA,"WHSM1123B","3600","LTRC","WHSM1064","WHSF1023B"
"76275_1","BROWN","M",NA,NA,NA,"75680_1","75816_3",NA,"WHSM1126B","3600","LTRC","WHSM1055","WHSF1026B"
"76055_1","BLACK","M",NA,NA,NA,"75804_1","75685_2",NA,"WHSM1127B","3600","RB","WHSM1054","WHSF1027B"
"76160_1","BROWN","M",NA,NA,NA,"75829_2","75854_3",NA,"WHSM1128B","3600","LB","WHSM1051D","WHSF1028B"
"76339_2","BLACK","M",NA,NA,NA,"75822_1","75703_2",NA,"WHSM1132B","3600","LMRC","WHSM1004","WHSF1032B"
"76412_1","BRN HOOD","M",NA,NA,NA,"75749_1","75834_3",NA,"WHSM1136B","3600","LCRT","WHSM1039","WHSF1036B"
"76148_1","ALBINO","M",NA,NA,NA,"75691_1","75757_3",NA,"WHSM1137B","3600","LBRT","WHSM1061","WHSF1037B"
"76454_1","BLACK","M",NA,NA,NA,"75801_1","75735_2",NA,"WHSM1138B","3600","LBRM","WHSM1036","WHSF1038B"
"76241_1","BRN HOOD","M",NA,NA,NA,"75693_1","75833_3",NA,"WHSM1141B","3600","LMRM","WHSM1010","WHSF1041B"
"76193_1","BLK HOOD","M",NA,NA,NA,"75702_1","75798_3",NA,"WHSM1146B","3600","LTRB","WHSM1031","WHSF1046B"
"76277_1","BRN HOOD","M",NA,NA,NA,"75821_1","75713_2",NA,"WHSM1148B","3600","LMRC","WHSM1032","WHSF1048B"
"76425_1","BROWN","M",NA,NA,NA,"75826_1","75828_3",NA,"WHSM1151B","3600","LMRM","WHSM1027C","WHSF1051B"
"76270_1","BROWN","M",NA,NA,NA,"75920_1","75711_2",NA,"WHSM1154B","3600","LTRT","WHSM1002","WHSF1054B"
"76232_1","BLACK","M",NA,NA,NA,"75731_1","75820_3",NA,"WHSM1160B","3600","LMRT","WHSM1024","WHSF1060B"
"76163_1","ALBINO","M",NA,NA,NA,"75803_1","75823_3",NA,"WHSM1162B","3600","RC","WHSM1022","WHSF1062B"
"76113_1","BLK HOOD","M",NA,NA,NA,"75714_1","75700_2",NA,"WHSM1163B","3600","LB","WHSM1015","WHSF1063B"
"76115_1","BLACK","M",NA,NA,NA,"75750_1","75739_2",NA,"WHSM1164B","3600","RC","WHSM1001","WHSF1064B"
"76282_1","BROWN","M",NA,NA,NA,"75825_2","75698_2",NA,"WHSM1165B","3600","LTRB","WHSM1018D","WHSF1065B"
"76464_1","BROWN","M",NA,NA,NA,"75832_1","75709_2",NA,"WHSM1107C","3600","LMRB","WHSM1013","WHSF1007C"
"76114_1","ALBINO","M",NA,NA,NA,"75821_2","75896_3",NA,"WHSM1107H","3600","RB","WHSM1032D","WHSF1007H"
"76182_2","BRN HOOD","F",NA,NA,NA,"75834_2","75750_3",NA,"WHSF1101","3600","RC","WHSM1036C","WHSF1001"
"76242_2","BROWN","F",NA,NA,NA,"75709_1","75920_3",NA,"WHSF1102","3600","LTRM","WHSM1007C","WHSF1002"
"76047_2","ALBINO","F",NA,NA,NA,"75698_1","75706_2",NA,"WHSF1103","3600","LT","WHSM1065B","WHSF1003"
"76348_2","BRN HOOD","F",NA,NA,NA,"75705_1","75822_3",NA,"WHSF1104","3600","LBRT","WHSM1006","WHSF1004"
"76239_2","BLACK","F",NA,NA,NA,"75707_1","75800_3",NA,"WHSF1105","3600","LMRM","WHSM1042","WHSF1005"
"76062_2","ALBINO","F",NA,NA,NA,"75761_1","75705_2",NA,"WHSF1106","3600","RT","WHSM1041","WHSF1006"
"76244_2","BLK HOOD","F",NA,NA,NA,"75756_1","75842_3",NA,"WHSF1107","3600","LBRT","WHSM1023","WHSF1007"
"76046_2","BROWN","F",NA,NA,NA,"75708_1","75758_3",NA,"WHSF1108","3600","RT","WHSM1012","WHSF1008"
"76324_2","BLK HOOD","F",NA,NA,NA,"75759_2","75953_3",NA,"WHSF1109","3600","LBRB","WHSM1007E","WHSF1009"
"76057_2","BROWN","F",NA,NA,NA,"75771_1","75693_2",NA,"WHSF1110","3600","LT","WHSM1052","WHSF1010"
"76280_2","BLK HOOD","F",NA,NA,NA,"75842_1","75708_2",NA,"WHSF1112","3600","LMRM","WHSM1007","WHSF1012"
"76154_2","BLK HOOD","F",NA,NA,NA,"75801_2","75832_2",NA,"WHSF1113","3600","RB","WHSM1036D","WHSF1013"
"76368_1","BRN HOOD","F",NA,NA,NA,"75752_2","75692_2",NA,"WHSF1114","3600","LBRM","WHSM1004C","WHSF1014"
"76159_2","BRN HOOD","F",NA,NA,NA,"75754_1","75714_2",NA,"WHSF1115","3600","LC","WHSM1020B","WHSF1015"
"76112_2","BLACK","F",NA,NA,NA,"75776_1","75799_3",NA,"WHSF1116","3600","LM","WHSM1060","WHSF1016"
"76147_2","BLK HOOD","F",NA,NA,NA,"75760_1","75696_1",NA,"WHSF1117","3600","LB","WHSM1063","WHSF1017"
"76202_2","BLACK","F",NA,NA,NA,"75925_1","75825_3",NA,"WHSF1118","3600","LTRM","WHSM1065C","WHSF1018"
"76063_2","BRN HOOD","F",NA,NA,NA,"75810_1","75808_3",NA,"WHSF1119","3600","RT","WHSM1057","WHSF1019"
"76217_2","BRN HOOD","F",NA,NA,NA,"75896_1","75755_3",NA,"WHSF1120","3600","LTRB","WHSM1007H","WHSF1020"
"76081_2","BROWN","F",NA,NA,NA,"75806_1","75807_3",NA,"WHSF1121","3600","RM","WHSM1005B","WHSF1021"
"76472_2","ALBINO","F",NA,NA,NA,"75802_1","75803_3",NA,"WHSF1122","3600","LMRB","WHSM1050","WHSF1022"
"76144_2","BLK HOOD","F",NA,NA,NA,"75701_1","75756_3",NA,"WHSF1123","3600","LC","WHSM1064","WHSF1023"
"76040_2","BLACK","F",NA,NA,NA,"75743_1","75731_2",NA,"WHSF1124","3600","RT","WHSM1043","WHSF1024"
"76226_2","BLK HOOD","F",NA,NA,NA,"75685_1","75797_3",NA,"WHSF1125","3600","LMRT","WHSM1027B","WHSF1025"
"76045_2","BLK HOOD","F",NA,NA,NA,"75692_1","75710_2",NA,"WHSF1126","3600","LT","WHSM1014","WHSF1026"
"76061_2","BLK HOOD","F",NA,NA,NA,"75697_1","75688_2",NA,"WHSF1127","3600","LM","WHSM1046","WHSF1027"
"76184_2","ALBINO","F",NA,NA,NA,"75807_1","75704_2",NA,"WHSF1128","3600","LTRM","WHSM1021","WHSF1028"
"76268_2","BLK HOOD","F",NA,NA,NA,"75831_1","75702_2",NA,"WHSF1131","3600","LMRC","WHSM1033","WHSF1031"
"76448_2","BRN HOOD","F",NA,NA,NA,"75896_2","75821_3",NA,"WHSF1132","3600","LMRC","WHSM1007I","WHSF1032"
"76228_2","BLACK","F",NA,NA,NA,"75713_1","75831_3",NA,"WHSF1133","3600","LMRT","WHSM1048B","WHSF1033"
"76083_2","BLK HOOD","F",NA,NA,NA,"75833_1","75805_3",NA,"WHSF1135","3600","RT","WHSM1041B","WHSF1035"
"76082_2","ALBINO","F",NA,NA,NA,"75809_1","75801_3",NA,"WHSF1136","3600","LB","WHSM1047","WHSF1036"
"76092_2","BLACK","F",NA,NA,NA,"75797_2","75824_3",NA,"WHSF1137","3600","LT","WHSM1025B","WHSF1037"
"76058_2","BLACK","F",NA,NA,NA,"75815_1","75742_2",NA,"WHSF1138","3600","RM","WHSM1010B","WHSF1038"
"76188_2","BLK HOOD","F",NA,NA,NA,"75834_1","75749_3",NA,"WHSF1139","3600","LTRB","WHSM1036B","WHSF1039"
"76167_2","BROWN","F",NA,NA,NA,"75820_1","75762_3",NA,"WHSF1140","3600","LTRT","WHSM1060B","WHSF1040"
"76080_2","BROWN","F",NA,NA,NA,"75703_1","75761_2",NA,"WHSF1141","3600","LM","WHSM1032B","WHSF1041"
"76190_2","BROWN","F",NA,NA,NA,"75797_1","75707_2",NA,"WHSF1142","3600","RC","WHSM1025","WHSF1042"
"76504_7","BLACK","F",NA,NA,NA,"75927_1","75970_1",NA,"WHSF1143","3600","LCRM","WHSM1007G","WHSF1043"
"76432_2","BLK HOOD","F",NA,NA,NA,"75830_2","75753_3",NA,"WHSF1144","3600","LCRT","WHSM1049B","WHSF1044"
"76187_2","ALBINO","F",NA,NA,NA,"75828_1","75738_2",NA,"WHSF1145","3600","LC","WHSM1051B","WHSF1045"
"76278_2","BRN HOOD","F",NA,NA,NA,"75827_1","75697_2",NA,"WHSF1146","3600","LTRC","WHSM1017","WHSF1046"
"76060_2","BRN HOOD","F",NA,NA,NA,"75816_1","75809_3",NA,"WHSF1147","3600","LT","WHSM1026B","WHSF1047"
"76153_2","BRN HOOD","F",NA,NA,NA,"75775_1","75740_2",NA,"WHSF1148","3600","LB","WHSM1002B","WHSF1048"
"76149_2","BRN HOOD","F",NA,NA,NA,"75811_2","75830_3",NA,"WHSF1149","3600","LTRM","WHSM1065D","WHSF1049"
"76151_2","BLACK","F",NA,NA,NA,"75822_2","75802_2",NA,"WHSF1150","3600","LTRC","WHSM1004D","WHSF1050"
"76223_2","BRN HOOD","F",NA,NA,NA,"75757_2","75829_3",NA,"WHSF1151","3600","LMRT","WHSM1037C","WHSF1051"
"76213_1","BRN HOOD","F",NA,NA,NA,"75711_1","75771_3",NA,"WHSF1152","3600","LMRM","WHSM1054B","WHSF1052"
"76355_2","BLACK","F",NA,NA,NA,"75952_1","75949_1",NA,"WHSF1153","3600","LBRM","WHSM1050D","WHSF1053"
"76211_2","BRN HOOD","F",NA,NA,NA,"75839_1","75804_3",NA,"WHSF1154","3600","LTRM","WHSM1055D","WHSF1054"
"76195_2","ALBINO","F",NA,NA,NA,"75824_1","75680_2",NA,"WHSF1155","3600","LTRB","WHSM1037","WHSF1055"
"76221_2","BROWN","F",NA,NA,NA,"75811_1","75744_2",NA,"WHSF1156","3600","LC","WHSM1065","WHSF1056"
"76205_2","ALBINO","F",NA,NA,NA,"75738_1","75810_3",NA,"WHSF1157","3600","LMRT","WHSM1045","WHSF1057"
"76059_2","BLACK","F",NA,NA,NA,"75800_1","75736_2",NA,"WHSF1159","3600","RB","WHSM1005","WHSF1059"
"76189_2","BROWN","F",NA,NA,NA,"75829_1","75776_3",NA,"WHSF1160","3600","RB","WHSM1051","WHSF1060"
"76054_2","BRN HOOD","F",NA,NA,NA,"75752_1","75691_2",NA,"WHSF1161","3600","LM","WHSM1004B","WHSF1061"
"76388_5","ALBINO","F",NA,NA,NA,"75866_1","75891_3",NA,"WHSF1162","3600","LMRM","WHSM1041D","WHSF1062"
"76208_2","BLACK","F",NA,NA,NA,"75798_2","75760_2",NA,"WHSF1163","3600","LBRB","WHSM1046C","WHSF1063"
"76207_2","BLK HOOD","F",NA,NA,NA,"75798_1","75701_2",NA,"WHSF1164","3600","LMRB","WHSM1046B","WHSF1064"
"76240_2","BRN HOOD","F",NA,NA,NA,"75744_1","75811_3",NA,"WHSF1165","3600","LMRB","WHSM1056","WHSF1065"
"76166_2","BLACK","F",NA,NA,NA,"75825_1","75775_3",NA,"WHSF1102B","3600","LB","WHSM1018","WHSF1002B"
"76152_2","BRN HOOD","F",NA,NA,NA,"75805_1","75752_3",NA,"WHSF1104B","3600","RB","WHSM1035","WHSF1004B"
"76377_1","ALBINO","F",NA,NA,NA,"75823_1","75806_3",NA,"WHSF1105B","3600","RC","WHSM1062B","WHSF1005B"
"76224_2","ALBINO","F",NA,NA,NA,"75824_2","75759_3",NA,"WHSF1107B","3600","LTRC","WHSM1037D","WHSF1007B"
"76203_2","ALBINO","F",NA,NA,NA,"75706_1","75815_3",NA,"WHSF1110B","3600","LBRB","WHSM1003","WHSF1010B"
"76109_2","BROWN","F",NA,NA,NA,"75700_1","75712_2",NA,"WHSF1114B","3600","LC","WHSM1063B","WHSF1014B"
"76056_2","ALBINO","F",NA,NA,NA,"75757_1","75694_2",NA,"WHSF1118B","3600","LM","WHSM1037B","WHSF1018B"
"76168_2","BLK HOOD","F",NA,NA,NA,"75712_1","75754_3",NA,"WHSF1120B","3600","LTRC","WHSM1014B","WHSF1020B"
"76165_2","BLK HOOD","F",NA,NA,NA,"75753_1","75772_3",NA,"WHSF1121B","3600","RC","WHSM1044","WHSF1021B"
"76156_2","ALBINO","F",NA,NA,NA,"75799_1","75741_2",NA,"WHSF1122B","3600","RM","WHSM1016","WHSF1022B"
"76215_2","BLACK","F",NA,NA,NA,"75701_1","75756_3",NA,"WHSF1123B","3600","LTRB","WHSM1064","WHSF1023B"
"76275_2","BLACK","F",NA,NA,NA,"75680_1","75816_3",NA,"WHSF1126B","3600","LMRB","WHSM1055","WHSF1026B"
"76055_2","BRN HOOD","F",NA,NA,NA,"75804_1","75685_2",NA,"WHSF1127B","3600","RM","WHSM1054","WHSF1027B"
"76160_2","BLACK","F",NA,NA,NA,"75829_2","75854_3",NA,"WHSF1128B","3600","LTRT","WHSM1051D","WHSF1028B"
"76339_3","BLACK","F",NA,NA,NA,"75822_1","75703_2",NA,"WHSF1132B","3600","LMRC","WHSM1004","WHSF1032B"
"76412_2","BLK HOOD","F",NA,NA,NA,"75749_1","75834_3",NA,"WHSF1136B","3600","LBRC","WHSM1039","WHSF1036B"
"76148_2","ALBINO","F",NA,NA,NA,"75691_1","75757_3",NA,"WHSF1137B","3600","LTRT","WHSM1061","WHSF1037B"
"76535_2",NA,"F",NA,NA,NA,"75691_1","75757_3",NA,"WHSF1138B","3600",NA,"WHSM1036","WHSF1038B"
"76241_2","BROWN","F",NA,NA,NA,"75693_1","75833_3",NA,"WHSF1141B","3600","LTRB","WHSM1010","WHSF1041B"
"76193_2","BRN HOOD","F",NA,NA,NA,"75702_1","75798_3",NA,"WHSF1146B","3600","LTRT","WHSM1031","WHSF1046B"
"76277_2","BLK HOOD","F",NA,NA,NA,"75821_1","75713_2",NA,"WHSF1148B","3600","LBRM","WHSM1032","WHSF1048B"
"76425_2","BROWN","F",NA,NA,NA,"75826_1","75828_3",NA,"WHSF1151B","3600","LMRB","WHSM1027C","WHSF1051B"
"76270_2","BROWN","F",NA,NA,NA,"75920_1","75711_2",NA,"WHSF1154B","3600","LTRC","WHSM1002","WHSF1054B"
"76232_2","BLACK","F",NA,NA,NA,"75731_1","75820_3",NA,"WHSF1160B","3600","LBRT","WHSM1024","WHSF1060B"
"76163_2","BLK HOOD","F",NA,NA,NA,"75803_1","75823_3",NA,"WHSF1162B","3600","LTRT","WHSM1022","WHSF1062B"
"76113_2","BROWN","F",NA,NA,NA,"75714_1","75700_2",NA,"WHSF1163B","3600","LB","WHSM1015","WHSF1063B"
"76115_2","BLK HOOD","F",NA,NA,NA,"75750_1","75739_2",NA,"WHSF1164B","3600","RM","WHSM1001","WHSF1064B"
"76282_2","BROWN","F",NA,NA,NA,"75825_2","75698_2",NA,"WHSF1165B","3600","LMRT","WHSM1018D","WHSF1065B"
"76464_2","BRN HOOD","F",NA,NA,NA,"75832_1","75709_2",NA,"WHSF1107C","3600","LBRB","WHSM1013","WHSF1007C"
"76114_2","ALBINO","F",NA,NA,NA,"75821_2","75896_3",NA,"WHSF1107H","3600","RB","WHSM1032D","WHSF1007H"
